Typical Measured Spectrum of Semrock FF01-524/628 Optical Filter	
For wavelengths between 320 and 1120 nm, values near or below 3e-7 (Optical Density 6.5) are measurement noise limited.
For wavelengths < 320 nm and > 1120 nm, values near or below 3e-6 (Optical Density 5.5) are measurement noise limited. 
Data format:  Wavelength (nm) <tab> Transmission (0 to 1)
300.0	2.7992e-07
300.2	3.0552e-07
300.4	3.3346e-07
300.6	3.6395e-07
300.8	3.9724e-07
301.0	4.3356e-07
301.2	4.7321e-07
301.4	5.1648e-07
301.6	5.6371e-07
301.8	6.1526e-07
302.0	6.8171e-07
302.2	7.5607e-07
302.4	8.3853e-07
302.6	9.2999e-07
302.8	1.0314e-06
303.0	1.1439e-06
303.2	1.2687e-06
303.4	1.4071e-06
303.6	1.5605e-06
303.8	1.7307e-06
304.0	1.797e-06
304.2	1.8253e-06
304.4	1.854e-06
304.6	1.8831e-06
304.8	1.9127e-06
305.0	1.9428e-06
305.2	1.9734e-06
305.4	2.0044e-06
305.6	2.0359e-06
305.8	2.0679e-06
306.0	1.8018e-06
306.2	1.3917e-06
306.4	1.075e-06
306.6	8.3034e-07
306.8	6.4136e-07
307.0	4.954e-07
307.2	3.8265e-07
307.4	2.9557e-07
307.6	2.283e-07
307.8	1.7634e-07
308.0	1.6569e-07
308.2	2.1582e-07
308.4	2.8112e-07
308.6	3.6618e-07
308.8	4.7696e-07
309.0	6.2126e-07
309.2	8.0923e-07
309.4	1.0541e-06
309.6	1.373e-06
309.8	1.7883e-06
310.0	2.3112e-06
310.2	2.7719e-06
310.4	3.3243e-06
310.6	3.9869e-06
310.8	4.7816e-06
311.0	5.7346e-06
311.2	6.8776e-06
311.4	8.2484e-06
311.6	9.8925e-06
311.8	1.1864e-05
312.0	1.1835e-05
312.2	1.1692e-05
312.4	1.1551e-05
312.6	1.1412e-05
312.8	1.1274e-05
313.0	1.1138e-05
313.2	1.1004e-05
313.4	1.0871e-05
313.6	1.074e-05
313.8	1.061e-05
314.0	9.8837e-06
314.2	9.0422e-06
314.4	8.2724e-06
314.6	7.5681e-06
314.8	6.9238e-06
315.0	6.3344e-06
315.2	5.7951e-06
315.4	5.3017e-06
315.6	4.8504e-06
315.8	4.4374e-06
316.0	4.2018e-06
316.2	4.0791e-06
316.4	3.96e-06
316.6	3.8444e-06
316.8	3.7321e-06
317.0	3.6231e-06
317.2	3.5173e-06
317.4	3.4146e-06
317.6	3.3149e-06
317.8	3.2181e-06
318.0	3.3642e-06
318.2	3.9299e-06
318.4	4.5906e-06
318.6	5.3625e-06
318.8	6.2641e-06
319.0	7.3174e-06
319.2	8.5478e-06
319.4	9.985e-06
319.6	1.1664e-05
319.8	1.3625e-05
320.0	1.5793e-05
320.2	1.7191e-05
320.4	1.8713e-05
320.6	2.0369e-05
320.8	2.2172e-05
321.0	2.4135e-05
321.2	2.6272e-05
321.4	2.8598e-05
321.6	3.1129e-05
321.8	3.3885e-05
322.0	3.159e-05
322.2	2.903e-05
322.4	2.6678e-05
322.6	2.4516e-05
322.8	2.2529e-05
323.0	2.0703e-05
323.2	1.9025e-05
323.4	1.7484e-05
323.6	1.6067e-05
323.8	1.4765e-05
324.0	1.2587e-05
324.2	1.0444e-05
324.4	8.6653e-06
324.6	7.1898e-06
324.8	5.9655e-06
325.0	4.9497e-06
325.2	4.1069e-06
325.4	3.4076e-06
325.6	2.8274e-06
325.8	2.3459e-06
326.0	2.1289e-06
326.2	2.0758e-06
326.4	2.0241e-06
326.6	1.9736e-06
326.8	1.9244e-06
327.0	1.8764e-06
327.2	1.8296e-06
327.4	1.784e-06
327.6	1.7395e-06
327.8	1.6961e-06
328.0	1.6275e-06
328.2	1.5214e-06
328.4	1.4221e-06
328.6	1.3293e-06
328.8	1.2426e-06
329.0	1.1616e-06
329.2	1.0858e-06
329.4	1.015e-06
329.6	9.4874e-07
329.8	8.8685e-07
330.0	8.347e-07
330.2	8.3286e-07
330.4	8.3103e-07
330.6	8.292e-07
330.8	8.2737e-07
331.0	8.2555e-07
331.2	8.2373e-07
331.4	8.2192e-07
331.6	8.2011e-07
331.8	8.1831e-07
332.0	6.4842e-07
332.2	5.0429e-07
332.4	3.922e-07
332.6	3.0502e-07
332.8	2.3722e-07
333.0	1.8449e-07
333.2	1.4349e-07
333.4	1.1159e-07
333.6	8.6788e-08
333.8	6.7497e-08
334.0	7.6103e-08
334.2	9.7115e-08
334.4	1.2393e-07
334.6	1.5814e-07
334.8	2.0181e-07
335.0	2.5753e-07
335.2	3.2863e-07
335.4	4.1936e-07
335.6	5.3515e-07
335.8	6.829e-07
336.0	7.4876e-07
336.2	7.3554e-07
336.4	7.2255e-07
336.6	7.098e-07
336.8	6.9727e-07
337.0	6.8495e-07
337.2	6.7286e-07
337.4	6.6098e-07
337.6	6.4931e-07
337.8	6.3785e-07
338.0	5.8603e-07
338.2	4.8899e-07
338.4	4.0802e-07
338.6	3.4046e-07
338.8	2.8409e-07
339.0	2.3705e-07
339.2	1.978e-07
339.4	1.6504e-07
339.6	1.3772e-07
339.8	1.1491e-07
340.0	1.0089e-07
340.2	1.2867e-07
340.4	1.6409e-07
340.6	2.0926e-07
340.8	2.6688e-07
341.0	3.4035e-07
341.2	4.3404e-07
341.4	5.5354e-07
341.6	7.0593e-07
341.8	9.0027e-07
342.0	7.0238e-07
342.2	5.1729e-07
342.4	3.8097e-07
342.6	2.8058e-07
342.8	2.0664e-07
343.0	1.5219e-07
343.2	1.1208e-07
343.4	8.2546e-08
343.6	6.0794e-08
343.8	4.4773e-08
344.0	4.7965e-08
344.2	5.9232e-08
344.4	7.3145e-08
344.6	9.0327e-08
344.8	1.1154e-07
345.0	1.3775e-07
345.2	1.701e-07
345.4	2.1006e-07
345.6	2.594e-07
345.8	3.2034e-07
346.0	3.5882e-07
346.2	3.7228e-07
346.4	3.8624e-07
346.6	4.0073e-07
346.8	4.1576e-07
347.0	4.3135e-07
347.2	4.4753e-07
347.4	4.6431e-07
347.6	4.8173e-07
347.8	4.998e-07
348.0	5.0584e-07
348.2	4.9289e-07
348.4	4.8026e-07
348.6	4.6796e-07
348.8	4.5597e-07
349.0	4.4429e-07
349.2	4.3291e-07
349.4	4.2183e-07
349.6	4.1102e-07
349.8	4.0049e-07
350.0	3.837e-07
350.2	3.2283e-07
350.4	2.7162e-07
350.6	2.2853e-07
350.8	1.9227e-07
351.0	1.6177e-07
351.2	1.3611e-07
351.4	1.1451e-07
351.6	9.6347e-08
351.8	8.1062e-08
352.0	9.211e-08
352.2	1.0782e-07
352.4	1.2621e-07
352.6	1.4774e-07
352.8	1.7294e-07
353.0	2.0244e-07
353.2	2.3698e-07
353.4	2.774e-07
353.6	3.2471e-07
353.8	3.801e-07
354.0	3.3199e-07
354.2	2.6231e-07
354.4	2.0725e-07
354.6	1.6375e-07
354.8	1.2938e-07
355.0	1.0223e-07
355.2	8.077e-08
355.4	6.3817e-08
355.6	5.0423e-08
355.8	3.984e-08
356.0	4.1116e-08
356.2	5.1287e-08
356.4	6.3974e-08
356.6	7.9799e-08
356.8	9.9538e-08
357.0	1.2416e-07
357.2	1.5487e-07
357.4	1.9318e-07
357.6	2.4097e-07
357.8	3.0058e-07
358.0	3.3586e-07
358.2	3.2336e-07
358.4	3.1132e-07
358.6	2.9974e-07
358.8	2.8858e-07
359.0	2.7784e-07
359.2	2.675e-07
359.4	2.5755e-07
359.6	2.4796e-07
359.8	2.3873e-07
360.0	2.2458e-07
360.2	1.8209e-07
360.4	1.4765e-07
360.6	1.1972e-07
360.8	9.7068e-08
361.0	7.8705e-08
361.2	6.3816e-08
361.4	5.1744e-08
361.6	4.1955e-08
361.8	3.4018e-08
362.0	3.6679e-08
362.2	4.082e-08
362.4	4.5429e-08
362.6	5.0558e-08
362.8	5.6266e-08
363.0	6.2619e-08
363.2	6.9689e-08
363.4	7.7557e-08
363.6	8.6314e-08
363.8	9.6059e-08
364.0	9.1183e-08
364.2	8.1849e-08
364.4	7.3471e-08
364.6	6.5951e-08
364.8	5.92e-08
365.0	5.3141e-08
365.2	4.7701e-08
365.4	4.2819e-08
365.6	3.8436e-08
365.8	3.4502e-08
366.0	3.8549e-08
366.2	5.0309e-08
366.4	6.5655e-08
366.6	8.5682e-08
366.8	1.1182e-07
367.0	1.4593e-07
367.2	1.9044e-07
367.4	2.4854e-07
367.6	3.2435e-07
367.8	4.2329e-07
368.0	4.8471e-07
368.2	4.6672e-07
368.4	4.4939e-07
368.6	4.3271e-07
368.8	4.1664e-07
369.0	4.0118e-07
369.2	3.8628e-07
369.4	3.7194e-07
369.6	3.5813e-07
369.8	3.4484e-07
370.0	3.3603e-07
370.2	3.5237e-07
370.4	3.695e-07
370.6	3.8746e-07
370.8	4.063e-07
371.0	4.2606e-07
371.2	4.4677e-07
371.4	4.685e-07
371.6	4.9127e-07
371.8	5.1516e-07
372.0	4.0279e-07
372.2	3.0538e-07
372.4	2.3152e-07
372.6	1.7553e-07
372.8	1.3308e-07
373.0	1.0089e-07
373.2	7.6492e-08
373.4	5.7993e-08
373.6	4.3967e-08
373.8	3.3334e-08
374.0	3.1076e-08
374.2	3.0982e-08
374.4	3.0888e-08
374.6	3.0795e-08
374.8	3.0701e-08
375.0	3.0608e-08
375.2	3.0515e-08
375.4	3.0423e-08
375.6	3.0331e-08
375.8	3.0239e-08
376.0	3.3883e-08
376.2	4.0977e-08
376.4	4.9555e-08
376.6	5.993e-08
376.8	7.2476e-08
377.0	8.7649e-08
377.2	1.06e-07
377.4	1.2819e-07
377.6	1.5502e-07
377.8	1.8748e-07
378.0	1.9991e-07
378.2	1.8333e-07
378.4	1.6812e-07
378.6	1.5418e-07
378.8	1.4139e-07
379.0	1.2966e-07
379.2	1.1891e-07
379.4	1.0905e-07
379.6	1.0e-07
379.8	9.1709e-08
380.0	8.6796e-08
380.2	9.7552e-08
380.4	1.0964e-07
380.6	1.2323e-07
380.8	1.385e-07
381.0	1.5566e-07
381.2	1.7495e-07
381.4	1.9663e-07
381.6	2.21e-07
381.8	2.4838e-07
382.0	2.2037e-07
382.2	1.8901e-07
382.4	1.6212e-07
382.6	1.3905e-07
382.8	1.1927e-07
383.0	1.023e-07
383.2	8.7746e-08
383.4	7.5262e-08
383.6	6.4554e-08
383.8	5.537e-08
384.0	5.9355e-08
384.2	6.9244e-08
384.4	8.078e-08
384.6	9.4239e-08
384.8	1.0994e-07
385.0	1.2826e-07
385.2	1.4962e-07
385.4	1.7455e-07
385.6	2.0363e-07
385.8	2.3756e-07
386.0	2.4933e-07
386.2	2.4278e-07
386.4	2.3639e-07
386.6	2.3018e-07
386.8	2.2413e-07
387.0	2.1824e-07
387.2	2.125e-07
387.4	2.0692e-07
387.6	2.0148e-07
387.8	1.9618e-07
388.0	1.9709e-07
388.2	2.0605e-07
388.4	2.1541e-07
388.6	2.2519e-07
388.8	2.3542e-07
389.0	2.4612e-07
389.2	2.573e-07
389.4	2.6899e-07
389.6	2.8121e-07
389.8	2.9399e-07
390.0	2.924e-07
390.2	2.1927e-07
390.4	1.6443e-07
390.6	1.2331e-07
390.8	9.2471e-08
391.0	6.9344e-08
391.2	5.2001e-08
391.4	3.8996e-08
391.6	2.9243e-08
391.8	2.193e-08
392.0	2.5262e-08
392.2	3.0854e-08
392.4	3.7684e-08
392.6	4.6027e-08
392.8	5.6216e-08
393.0	6.8661e-08
393.2	8.3862e-08
393.4	1.0243e-07
393.6	1.251e-07
393.8	1.528e-07
394.0	1.6421e-07
394.2	1.6871e-07
394.4	1.7333e-07
394.6	1.7808e-07
394.8	1.8296e-07
395.0	1.8798e-07
395.2	1.9313e-07
395.4	1.9843e-07
395.6	2.0387e-07
395.8	2.0946e-07
396.0	2.0704e-07
396.2	1.9944e-07
396.4	1.9212e-07
396.6	1.8507e-07
396.8	1.7827e-07
397.0	1.7173e-07
397.2	1.6543e-07
397.4	1.5935e-07
397.6	1.5351e-07
397.8	1.4787e-07
398.0	1.507e-07
398.2	1.6386e-07
398.4	1.7818e-07
398.6	1.9375e-07
398.8	2.1068e-07
399.0	2.2908e-07
399.2	2.491e-07
399.4	2.7086e-07
399.6	2.9453e-07
399.8	3.2026e-07
400.0	3.4069e-07
400.2	3.2436e-07
400.4	3.0881e-07
400.6	2.94e-07
400.8	2.7991e-07
401.0	2.6649e-07
401.2	2.5372e-07
401.4	2.4155e-07
401.6	2.2997e-07
401.8	2.1895e-07
402.0	2.1627e-07
402.2	2.1471e-07
402.4	2.1315e-07
402.6	2.1161e-07
402.8	2.1007e-07
403.0	2.0855e-07
403.2	2.0704e-07
403.4	2.0554e-07
403.6	2.0405e-07
403.8	2.0257e-07
404.0	1.7117e-07
404.2	1.3686e-07
404.4	1.0944e-07
404.6	8.7506e-08
404.8	6.997e-08
405.0	5.5948e-08
405.2	4.4736e-08
405.4	3.5771e-08
405.6	2.8602e-08
405.8	2.2871e-08
406.0	2.0884e-08
406.2	2.0759e-08
406.4	2.0634e-08
406.6	2.0511e-08
406.8	2.0388e-08
407.0	2.0266e-08
407.2	2.0144e-08
407.4	2.0024e-08
407.6	1.9904e-08
407.8	1.9785e-08
408.0	2.0787e-08
408.2	2.3193e-08
408.4	2.5877e-08
408.6	2.8871e-08
408.8	3.2212e-08
409.0	3.594e-08
409.2	4.0099e-08
409.4	4.474e-08
409.6	4.9917e-08
409.8	5.5693e-08
410.0	5.9568e-08
410.2	5.2208e-08
410.4	4.5758e-08
410.6	4.0104e-08
410.8	3.5149e-08
411.0	3.0806e-08
411.2	2.7e-08
411.4	2.3664e-08
411.6	2.074e-08
411.8	1.8177e-08
412.0	1.7726e-08
412.2	1.7655e-08
412.4	1.7583e-08
412.6	1.7512e-08
412.8	1.7441e-08
413.0	1.7371e-08
413.2	1.7301e-08
413.4	1.7231e-08
413.6	1.7161e-08
413.8	1.7092e-08
414.0	2.0568e-08
414.2	2.6791e-08
414.4	3.4896e-08
414.6	4.5453e-08
414.8	5.9203e-08
415.0	7.7114e-08
415.2	1.0044e-07
415.4	1.3083e-07
415.6	1.7041e-07
415.8	2.2197e-07
416.0	2.1255e-07
416.2	1.6214e-07
416.4	1.2369e-07
416.6	9.4353e-08
416.8	7.1976e-08
417.0	5.4906e-08
417.2	4.1884e-08
417.4	3.1951e-08
417.6	2.4373e-08
417.8	1.8593e-08
418.0	1.6933e-08
418.2	1.9151e-08
418.4	2.1659e-08
418.6	2.4496e-08
418.8	2.7705e-08
419.0	3.1333e-08
419.2	3.5438e-08
419.4	4.0079e-08
419.6	4.5329e-08
419.8	5.1266e-08
420.0	5.5473e-08
420.2	4.799e-08
420.4	4.1517e-08
420.6	3.5917e-08
420.8	3.1072e-08
421.0	2.688e-08
421.2	2.3255e-08
421.4	2.0118e-08
421.6	1.7404e-08
421.8	1.5056e-08
422.0	1.5417e-08
422.2	1.6226e-08
422.4	1.7078e-08
422.6	1.7974e-08
422.8	1.8917e-08
423.0	1.9909e-08
423.2	2.0954e-08
423.4	2.2053e-08
423.6	2.3211e-08
423.8	2.4428e-08
424.0	2.571e-08
424.2	2.7059e-08
424.4	2.8479e-08
424.6	3.0284e-08
424.8	3.2252e-08
425.0	3.4348e-08
425.2	3.6581e-08
425.4	3.8959e-08
425.6	4.1491e-08
425.8	4.4188e-08
426.0	4.706e-08
426.2	5.0119e-08
426.4	5.2572e-08
426.6	5.2481e-08
426.8	5.239e-08
427.0	5.2299e-08
427.2	5.2209e-08
427.4	5.2119e-08
427.6	5.2029e-08
427.8	5.1939e-08
428.0	5.1849e-08
428.2	5.1759e-08
428.4	5.2142e-08
428.6	5.6333e-08
428.8	6.0862e-08
429.0	6.5755e-08
429.2	7.1041e-08
429.4	7.6752e-08
429.6	8.2922e-08
429.8	8.9588e-08
430.0	9.679e-08
430.2	1.0457e-07
430.4	1.1298e-07
430.6	9.306e-08
430.8	7.6549e-08
431.0	6.2967e-08
431.2	5.1796e-08
431.4	4.2606e-08
431.6	3.5047e-08
431.8	2.8829e-08
432.0	2.3714e-08
432.2	1.9507e-08
432.4	1.6046e-08
432.6	1.3199e-08
432.8	1.0857e-08
433.0	9.8466e-09
433.2	9.8459e-09
433.4	9.8453e-09
433.6	9.8446e-09
433.8	9.8439e-09
434.0	9.8433e-09
434.2	9.8426e-09
434.4	9.8419e-09
434.6	9.8412e-09
434.8	9.8406e-09
435.0	9.1302e-09
435.2	9.1149e-09
435.4	9.0995e-09
435.6	9.0842e-09
435.8	9.0689e-09
436.0	9.0537e-09
436.2	9.0384e-09
436.4	9.0232e-09
436.6	9.008e-09
436.8	8.9929e-09
437.0	9.0122e-09
437.2	1.3192e-08
437.4	1.931e-08
437.6	2.8266e-08
437.8	4.1375e-08
438.0	6.0564e-08
438.2	8.8652e-08
438.4	1.2977e-07
438.6	1.8995e-07
438.8	2.7805e-07
439.0	4.07e-07
439.2	3.7967e-07
439.4	3.35e-07
439.6	2.9558e-07
439.8	2.608e-07
440.0	2.3012e-07
440.2	2.0304e-07
440.4	1.7915e-07
440.6	1.5807e-07
440.8	1.3947e-07
441.0	1.2306e-07
441.2	1.1647e-07
441.4	1.1257e-07
441.6	1.0879e-07
441.8	1.0515e-07
442.0	1.0162e-07
442.2	9.8219e-08
442.4	9.4927e-08
442.6	9.1745e-08
442.8	8.8671e-08
443.0	8.5699e-08
443.2	7.8232e-08
443.4	6.9255e-08
443.6	6.1308e-08
443.8	5.4273e-08
444.0	4.8045e-08
444.2	4.2532e-08
444.4	3.7652e-08
444.6	3.3331e-08
444.8	2.9506e-08
445.0	2.6121e-08
445.2	2.5775e-08
445.4	2.5434e-08
445.6	2.5097e-08
445.8	2.4765e-08
446.0	2.4437e-08
446.2	2.4114e-08
446.4	2.3795e-08
446.6	2.348e-08
446.8	2.3169e-08
447.0	2.2862e-08
447.2	1.8749e-08
447.4	1.5273e-08
447.6	1.2441e-08
447.8	1.0135e-08
448.0	8.2555e-09
448.2	6.7249e-09
448.4	5.4781e-09
448.6	4.4625e-09
448.8	3.6351e-09
449.0	2.9611e-09
449.2	3.608e-09
449.4	4.72e-09
449.6	6.1746e-09
449.8	8.0776e-09
450.0	1.0567e-08
450.2	1.3824e-08
450.4	1.8084e-08
450.6	2.3657e-08
450.8	3.0948e-08
451.0	4.0486e-08
451.2	3.5493e-08
451.4	2.6934e-08
451.6	2.0439e-08
451.8	1.551e-08
452.0	1.177e-08
452.2	8.9316e-09
452.4	6.7778e-09
452.6	5.1433e-09
452.8	3.903e-09
453.0	2.9618e-09
453.2	3.0553e-09
453.4	3.7891e-09
453.6	4.6991e-09
453.8	5.8277e-09
454.0	7.2274e-09
454.2	8.9633e-09
454.4	1.1116e-08
454.6	1.3786e-08
454.8	1.7097e-08
455.0	2.1203e-08
455.2	2.0853e-08
455.4	2.0509e-08
455.6	2.017e-08
455.8	1.9836e-08
456.0	1.9509e-08
456.2	1.9186e-08
456.4	1.8869e-08
456.6	1.8558e-08
456.8	1.8251e-08
457.0	1.795e-08
457.2	1.4881e-08
457.4	1.2327e-08
457.6	1.0211e-08
457.8	8.4581e-09
458.0	7.0063e-09
458.2	5.8036e-09
458.4	4.8074e-09
458.6	3.9822e-09
458.8	3.2986e-09
459.0	2.7324e-09
459.2	2.6572e-09
459.4	2.6384e-09
459.6	2.6198e-09
459.8	2.6013e-09
460.0	2.583e-09
460.2	2.5648e-09
460.4	2.5467e-09
460.6	2.5287e-09
460.8	2.5108e-09
461.0	2.4931e-09
461.2	2.4795e-09
461.4	2.4672e-09
461.6	2.4549e-09
461.8	2.4426e-09
462.0	2.4305e-09
462.2	2.4183e-09
462.4	2.4063e-09
462.6	2.3943e-09
462.8	2.3823e-09
463.0	2.3705e-09
463.2	2.4739e-09
463.4	2.6432e-09
463.6	2.8242e-09
463.8	3.0175e-09
464.0	3.224e-09
464.2	3.4447e-09
464.4	3.6805e-09
464.6	3.9324e-09
464.8	4.2016e-09
465.0	4.4891e-09
465.2	4.6744e-09
465.4	4.8673e-09
465.6	5.0681e-09
465.8	5.2773e-09
466.0	5.4951e-09
466.2	5.7218e-09
466.4	5.9579e-09
466.6	6.2038e-09
466.8	6.4598e-09
467.0	6.7264e-09
467.2	6.6849e-09
467.4	6.6373e-09
467.6	6.5901e-09
467.8	6.5432e-09
468.0	6.4967e-09
468.2	6.4505e-09
468.4	6.4046e-09
468.6	6.359e-09
468.8	6.3138e-09
469.0	6.2689e-09
469.2	6.2405e-09
469.4	6.2145e-09
469.6	6.1887e-09
469.8	6.1629e-09
470.0	6.1373e-09
470.2	6.1117e-09
470.4	6.0863e-09
470.6	6.061e-09
470.8	6.0358e-09
471.0	6.0107e-09
471.2	6.6626e-09
471.4	7.6186e-09
471.6	8.7118e-09
471.8	9.9619e-09
472.0	1.1391e-08
472.2	1.3026e-08
472.4	1.4895e-08
472.6	1.7032e-08
472.8	1.9476e-08
473.0	2.2271e-08
473.2	2.5967e-08
473.4	3.0563e-08
473.6	3.5973e-08
473.8	4.234e-08
474.0	4.9834e-08
474.2	5.8654e-08
474.4	6.9035e-08
474.6	8.1253e-08
474.8	9.5635e-08
475.0	1.1256e-07
475.2	1.2293e-07
475.4	1.3426e-07
475.6	1.4664e-07
475.8	1.6015e-07
476.0	1.7491e-07
476.2	1.9103e-07
476.4	2.0863e-07
476.6	2.2786e-07
476.8	2.4886e-07
477.0	2.7179e-07
477.2	2.7339e-07
477.4	2.7394e-07
477.6	2.7448e-07
477.8	2.7503e-07
478.0	2.7557e-07
478.2	2.7612e-07
478.4	2.7667e-07
478.6	2.7722e-07
478.8	2.7777e-07
479.0	2.7832e-07
479.2	2.8143e-07
479.4	2.8501e-07
479.6	2.8864e-07
479.8	2.9232e-07
480.0	2.9604e-07
480.2	2.9981e-07
480.4	3.0362e-07
480.6	3.0749e-07
480.8	3.114e-07
481.0	3.1537e-07
481.2	3.2087e-07
481.4	3.2694e-07
481.6	3.3313e-07
481.8	3.3943e-07
482.0	3.4585e-07
482.2	3.524e-07
482.4	3.5907e-07
482.6	3.6586e-07
482.8	3.7279e-07
483.0	3.7984e-07
483.2	3.0709e-07
483.4	2.2096e-07
483.6	1.5899e-07
483.8	1.144e-07
484.0	8.2314e-08
484.2	5.9227e-08
484.4	4.2616e-08
484.6	3.0664e-08
484.8	2.2063e-08
485.0	1.5875e-08
485.2	2.2268e-08
485.4	4.5102e-08
485.6	8.3593e-08
485.8	8.3244e-08
486.0	8.2897e-08
486.2	7.338e-08
486.4	6.0051e-08
486.6	4.0558e-08
486.8	2.3336e-08
487.0	1.3845e-08
487.2	3.6908e-08
487.4	9.8388e-08
487.6	8.8278e-08
487.8	2.608e-08
488.0	1.3307e-08
488.2	1.3243e-08
488.4	1.3178e-08
488.6	2.5333e-08
488.8	5.1368e-08
489.0	8.2695e-08
489.2	9.4851e-08
489.4	1.0355e-07
489.6	1.0312e-07
489.8	1.027e-07
490.0	5.1677e-08
490.2	2.2609e-08
490.4	1.8259e-08
490.6	5.9605e-08
490.8	1.2327e-07
491.0	4.5786e-08
491.2	1.7006e-08
491.4	2.1213e-08
491.6	4.5602e-08
491.8	8.252e-08
492.0	6.2454e-08
492.2	5.0845e-08
492.4	7.2572e-08
492.6	1.0358e-07
492.8	1.0562e-07
493.0	8.5654e-08
493.2	7.0463e-08
493.4	7.0077e-08
493.6	6.8708e-08
493.8	3.3541e-08
494.0	1.6373e-08
494.2	1.4192e-08
494.4	2.1842e-08
494.6	3.3616e-08
494.8	6.0137e-08
495.0	1.08e-07
495.2	1.0826e-07
495.4	1.0352e-07
495.6	9.6732e-08
495.8	8.7319e-08
496.0	7.8822e-08
496.2	9.7833e-08
496.4	1.2682e-07
496.6	9.1998e-08
496.8	5.9257e-08
497.0	4.0081e-08
497.2	3.0306e-08
497.4	2.2915e-08
497.6	4.5219e-08
497.8	1.1604e-07
498.0	1.1068e-07
498.2	7.3196e-08
498.4	5.6334e-08
498.6	7.6695e-08
498.8	1.0442e-07
499.0	1.03e-07
499.2	8.7913e-08
499.4	9.5281e-08
499.6	1.1847e-07
499.8	1.436e-07
500.0	1.4315e-07
500.2	1.4271e-07
500.4	1.2906e-07
500.6	1.0922e-07
500.8	1.0295e-07
501.0	1.0638e-07
501.2	1.1032e-07
501.4	1.3623e-07
501.6	1.6822e-07
501.8	1.7609e-07
502.0	1.5625e-07
502.2	1.5502e-07
502.4	1.7627e-07
502.6	2.0042e-07
502.8	2.4074e-07
503.0	2.9036e-07
503.2	3.3924e-07
503.4	3.7859e-07
503.6	4.7874e-07
503.8	8.048e-07
504.0	1.3529e-06
504.2	2.7963e-06
504.4	6.1159e-06
504.6	1.3859e-05
504.8	3.4739e-05
505.0	8.4238e-05
505.2	2.0192e-04
505.4	4.4793e-04
505.6	8.966e-04
505.8	0.00161
506.0	0.00277
506.2	0.00473
506.4	0.0083
506.6	0.01456
506.8	0.02659
507.0	0.0508
507.2	0.1008
507.4	0.20298
507.6	0.38824
507.8	0.62629
508.0	0.82643
508.2	0.91136
508.4	0.9289
508.6	0.92957
508.8	0.93219
509.0	0.93761
509.2	0.94217
509.4	0.94118
509.6	0.93668
509.8	0.93152
510.0	0.92772
510.2	0.92841
510.4	0.93318
510.6	0.94436
510.8	0.95452
511.0	0.9642
511.2	0.97144
511.4	0.97456
511.6	0.97314
511.8	0.96873
512.0	0.96239
512.2	0.95549
512.4	0.9502
512.6	0.94674
512.8	0.94702
513.0	0.94944
513.2	0.95466
513.4	0.96149
513.6	0.96854
513.8	0.97429
514.0	0.97794
514.2	0.97854
514.4	0.97626
514.6	0.9711
514.8	0.96398
515.0	0.95619
515.2	0.94853
515.4	0.94185
515.6	0.93761
515.8	0.93598
516.0	0.93731
516.2	0.94186
516.4	0.9486
516.6	0.95651
516.8	0.9649
517.0	0.97248
517.2	0.97912
517.4	0.98315
517.6	0.98497
517.8	0.98281
518.0	0.97936
518.2	0.97337
518.4	0.9664
518.6	0.95989
518.8	0.9544
519.0	0.94987
519.2	0.94759
519.4	0.94723
519.6	0.9497
519.8	0.95376
520.0	0.95903
520.2	0.96609
520.4	0.97205
520.6	0.97808
520.8	0.98245
521.0	0.98451
521.2	0.9845
521.4	0.98231
521.6	0.97793
521.8	0.97194
522.0	0.96508
522.2	0.9584
522.4	0.95258
522.6	0.94796
522.8	0.94514
523.0	0.94424
523.2	0.94524
523.4	0.94873
523.6	0.95344
523.8	0.95904
524.0	0.96456
524.2	0.97042
524.4	0.97513
524.6	0.97804
524.8	0.9795
525.0	0.9796
525.2	0.97798
525.4	0.9749
525.6	0.97115
525.8	0.96674
526.0	0.96392
526.2	0.96084
526.4	0.95921
526.6	0.95893
526.8	0.9603
527.0	0.96158
527.2	0.96444
527.4	0.96756
527.6	0.96916
527.8	0.97092
528.0	0.97156
528.2	0.97083
528.4	0.9678
528.6	0.96437
528.8	0.96035
529.0	0.95576
529.2	0.95146
529.4	0.9483
529.6	0.94727
529.8	0.94761
530.0	0.9497
530.2	0.95445
530.4	0.95922
530.6	0.96529
530.8	0.9714
531.0	0.97593
531.2	0.97936
531.4	0.98059
531.6	0.97954
531.8	0.97624
532.0	0.97044
532.2	0.9643
532.4	0.95764
532.6	0.95178
532.8	0.94766
533.0	0.94525
533.2	0.94525
533.4	0.94808
533.6	0.95289
533.8	0.95843
534.0	0.96438
534.2	0.96916
534.4	0.9724
534.6	0.97307
534.8	0.97121
535.0	0.96764
535.2	0.9625
535.4	0.95833
535.6	0.95475
535.8	0.95378
536.0	0.95497
536.2	0.95853
536.4	0.96319
536.6	0.96725
536.8	0.96955
537.0	0.96821
537.2	0.96387
537.4	0.95745
537.6	0.95093
537.8	0.94631
538.0	0.94471
538.2	0.94658
538.4	0.94966
538.6	0.95027
538.8	0.9453
539.0	0.93596
539.2	0.93051
539.4	0.937
539.6	0.9361
539.8	0.82943
540.0	0.53829
540.2	0.2273
540.4	0.08849
540.6	0.03517
540.8	0.01523
541.0	0.00722
541.2	0.00375
541.4	0.00211
541.6	9.382e-04
541.8	4.6602e-04
542.0	2.638e-04
542.2	1.5502e-04
542.4	9.3204e-05
542.6	5.7494e-05
542.8	3.6323e-05
543.0	2.3791e-05
543.2	1.4893e-05
543.4	9.9112e-06
543.6	6.5956e-06
543.8	4.5535e-06
544.0	3.2031e-06
544.2	2.1801e-06
544.4	1.6235e-06
544.6	1.2299e-06
544.8	8.3982e-07
545.0	6.9921e-07
545.2	5.2834e-07
545.4	3.8426e-07
545.6	3.8422e-07
545.8	2.6819e-07
546.0	2.1013e-07
546.2	1.999e-07
546.4	1.7794e-07
546.6	1.5594e-07
546.8	1.4224e-07
547.0	1.4246e-07
547.2	1.5138e-07
547.4	1.5325e-07
547.6	1.6857e-07
547.8	1.5051e-07
548.0	1.273e-07
548.2	1.1558e-07
548.4	8.9639e-08
548.6	9.3573e-08
548.8	1.502e-07
549.0	1.1502e-07
549.2	1.0702e-07
549.4	1.3127e-07
549.6	1.6629e-07
549.8	1.0514e-07
550.0	1.0191e-07
550.2	1.0686e-07
550.4	1.3449e-07
550.6	1.5073e-07
550.8	1.4504e-07
551.0	1.2677e-07
551.2	9.1837e-08
551.4	9.3029e-08
551.6	1.2785e-07
551.8	1.1972e-07
552.0	8.7758e-08
552.2	7.1504e-08
552.4	1.0738e-07
552.6	1.3254e-07
552.8	1.0694e-07
553.0	9.6682e-08
553.2	2.6644e-08
553.4	2.378e-08
553.6	7.5707e-08
553.8	4.3506e-08
554.0	6.5742e-08
554.2	9.2709e-08
554.4	2.2873e-08
554.6	3.0037e-08
554.8	7.7564e-08
555.0	8.3309e-08
555.2	7.4755e-08
555.4	1.8293e-08
555.6	2.4078e-08
555.8	1.797e-08
556.0	2.6614e-08
556.2	4.2972e-08
556.4	1.1747e-08
556.6	4.2076e-08
556.8	1.8018e-08
557.0	2.2113e-08
557.2	4.6451e-08
557.4	5.2309e-08
557.6	5.4732e-08
557.8	6.3222e-08
558.0	7.1449e-08
558.2	8.6036e-08
558.4	7.9844e-08
558.6	5.9964e-08
558.8	5.2351e-08
559.0	4.7305e-08
559.2	3.1534e-08
559.4	1.3161e-08
559.6	1.0482e-08
559.8	2.4314e-08
560.0	6.781e-08
560.2	5.9303e-08
560.4	4.6632e-08
560.6	7.2842e-08
560.8	1.623e-08
561.0	1.0512e-08
561.2	1.7251e-08
561.4	4.2628e-08
561.6	3.5491e-08
561.8	1.3067e-08
562.0	5.4482e-08
562.2	4.7428e-08
562.4	3.6477e-08
562.6	3.0683e-08
562.8	2.0178e-08
563.0	1.0571e-08
563.2	1.1781e-08
563.4	2.8248e-08
563.6	6.2395e-08
563.8	3.0495e-08
564.0	1.2356e-08
564.2	2.6453e-08
564.4	5.9749e-08
564.6	3.2251e-08
564.8	5.5926e-08
565.0	2.0178e-08
565.2	2.2306e-08
565.4	5.5135e-08
565.6	4.8047e-08
565.8	8.0259e-08
566.0	7.2361e-08
566.2	8.8165e-08
566.4	7.9334e-08
566.6	5.7284e-08
566.8	4.2276e-08
567.0	3.4593e-08
567.2	1.0231e-08
567.4	1.0221e-08
567.6	2.8893e-08
567.8	4.0907e-08
568.0	4.4164e-08
568.2	5.2899e-08
568.4	6.3393e-08
568.6	6.8649e-08
568.8	5.248e-08
569.0	5.8578e-08
569.2	2.3996e-08
569.4	1.4645e-08
569.6	3.1119e-08
569.8	2.9129e-08
570.0	1.1963e-08
570.2	5.6374e-08
570.4	4.094e-08
570.6	3.5345e-08
570.8	4.5812e-08
571.0	5.8363e-08
571.2	2.8228e-08
571.4	2.0554e-08
571.6	2.05e-08
571.8	3.1808e-08
572.0	2.2359e-08
572.2	1.4787e-08
572.4	5.0709e-08
572.6	4.4906e-08
572.8	4.075e-08
573.0	4.0674e-08
573.2	1.7356e-08
573.4	1.3491e-08
573.6	2.0299e-08
573.8	2.0419e-08
574.0	5.9189e-08
574.2	3.1827e-08
574.4	5.7494e-08
574.6	5.9151e-08
574.8	4.2579e-08
575.0	3.4402e-08
575.2	6.7616e-08
575.4	5.0607e-08
575.6	5.0757e-08
575.8	5.0971e-08
576.0	4.5373e-08
576.2	4.8723e-08
576.4	6.1657e-08
576.6	2.2709e-08
576.8	2.5114e-08
577.0	5.7259e-08
577.2	2.4925e-08
577.4	2.0734e-08
577.6	4.3799e-08
577.8	4.1698e-08
578.0	3.0686e-08
578.2	3.4688e-08
578.4	1.5246e-08
578.6	1.5235e-08
578.8	1.523e-08
579.0	1.5237e-08
579.2	1.7877e-08
579.4	2.277e-08
579.6	3.1477e-08
579.8	5.9459e-08
580.0	2.2096e-08
580.2	1.0174e-08
580.4	1.5296e-08
580.6	8.0804e-08
580.8	5.6168e-08
581.0	5.1608e-08
581.2	1.6481e-08
581.4	1.0257e-08
581.6	1.8437e-08
581.8	5.1321e-08
582.0	5.1329e-08
582.2	6.6158e-08
582.4	5.3962e-08
582.6	5.6167e-08
582.8	4.9584e-08
583.0	2.5812e-08
583.2	1.0255e-08
583.4	1.0237e-08
583.6	3.2854e-08
583.8	2.4641e-08
584.0	2.3792e-08
584.2	1.7628e-08
584.4	1.821e-08
584.6	6.8937e-08
584.8	5.2629e-08
585.0	2.6957e-08
585.2	3.7682e-08
585.4	4.8237e-08
585.6	4.8252e-08
585.8	5.5119e-08
586.0	3.9964e-08
586.2	3.1773e-08
586.4	3.6126e-08
586.6	5.1796e-08
586.8	2.5654e-08
587.0	1.3342e-08
587.2	2.3137e-08
587.4	4.0193e-08
587.6	4.8187e-08
587.8	5.6295e-08
588.0	5.4064e-08
588.2	2.3489e-08
588.4	1.0174e-08
588.6	1.374e-08
588.8	5.7326e-08
589.0	6.1182e-08
589.2	4.1497e-08
589.4	4.2072e-08
589.6	4.7546e-08
589.8	4.2726e-08
590.0	6.2435e-08
590.2	1.1909e-08
590.4	2.813e-08
590.6	4.1014e-08
590.8	4.0108e-08
591.0	2.4044e-08
591.2	2.0447e-08
591.4	8.2187e-08
591.6	1.3021e-08
591.8	3.5441e-08
592.0	2.5499e-08
592.2	1.4329e-08
592.4	2.0336e-08
592.6	1.5663e-08
592.8	5.0618e-08
593.0	4.2308e-08
593.2	2.5986e-08
593.4	3.3758e-08
593.6	5.6406e-08
593.8	4.163e-08
594.0	3.6273e-08
594.2	7.155e-08
594.4	2.7067e-08
594.6	4.6358e-08
594.8	9.0145e-08
595.0	8.7949e-08
595.2	4.1607e-08
595.4	2.3103e-08
595.6	4.0161e-08
595.8	1.4693e-08
596.0	3.2284e-08
596.2	4.0566e-08
596.4	1.4053e-08
596.6	5.6446e-08
596.8	3.8292e-08
597.0	2.196e-08
597.2	5.0567e-08
597.4	7.2308e-08
597.6	8.5347e-08
597.8	1.1162e-07
598.0	6.1133e-08
598.2	1.1971e-07
598.4	8.6425e-08
598.6	4.231e-08
598.8	4.2821e-08
599.0	6.1455e-08
599.2	6.1276e-08
599.4	6.1032e-08
599.6	5.9449e-08
599.8	3.4147e-08
600.0	4.2553e-08
600.2	7.5173e-08
600.4	1.1762e-07
600.6	1.0252e-07
600.8	1.0227e-07
601.0	5.1664e-08
601.2	8.2417e-08
601.4	6.5272e-08
601.6	5.1586e-08
601.8	5.9091e-08
602.0	1.0267e-07
602.2	1.258e-07
602.4	1.6436e-07
602.6	1.5044e-07
602.8	1.8288e-07
603.0	2.3545e-07
603.2	2.6443e-07
603.4	2.4016e-07
603.6	3.3804e-07
603.8	4.103e-07
604.0	5.1744e-07
604.2	6.5196e-07
604.4	8.3699e-07
604.6	1.0966e-06
604.8	1.3194e-06
605.0	1.7693e-06
605.2	2.4176e-06
605.4	3.2414e-06
605.6	4.3722e-06
605.8	5.8743e-06
606.0	7.8159e-06
606.2	1.1271e-05
606.4	1.5765e-05
606.6	2.1694e-05
606.8	3.1425e-05
607.0	4.5649e-05
607.2	6.7473e-05
607.4	1.0036e-04
607.6	1.5213e-04
607.8	2.3852e-04
608.0	3.8806e-04
608.2	6.1376e-04
608.4	9.7982e-04
608.6	0.00161
608.8	0.00272
609.0	0.00474
609.2	0.00851
609.4	0.01573
609.6	0.02961
609.8	0.05777
610.0	0.11604
610.2	0.23145
610.4	0.42681
610.6	0.66888
610.8	0.83941
611.0	0.936
611.2	0.96081
611.4	0.95895
611.6	0.95423
611.8	0.95167
612.0	0.95078
612.2	0.95088
612.4	0.95198
612.6	0.953
612.8	0.9561
613.0	0.96026
613.2	0.9647
613.4	0.97004
613.6	0.97425
613.8	0.97746
614.0	0.97824
614.2	0.97753
614.4	0.97542
614.6	0.97143
614.8	0.96754
615.0	0.96353
615.2	0.9606
615.4	0.9593
615.6	0.95982
615.8	0.96126
616.0	0.96397
616.2	0.96746
616.4	0.97174
616.6	0.97536
616.8	0.97865
617.0	0.98061
617.2	0.98166
617.4	0.98165
617.6	0.9803
617.8	0.97861
618.0	0.97567
618.2	0.97359
618.4	0.97106
618.6	0.96931
618.8	0.9687
619.0	0.96871
619.2	0.96998
619.4	0.97136
619.6	0.97383
619.8	0.97654
620.0	0.97953
620.2	0.98209
620.4	0.98405
620.6	0.98562
620.8	0.98551
621.0	0.98499
621.2	0.98307
621.4	0.98084
621.6	0.97753
621.8	0.97427
622.0	0.97166
622.2	0.9684
622.4	0.96553
622.6	0.96378
622.8	0.96238
623.0	0.96205
623.2	0.96259
623.4	0.96375
623.6	0.96498
623.8	0.96659
624.0	0.96848
624.2	0.96978
624.4	0.97021
624.6	0.97077
624.8	0.97033
625.0	0.96862
625.2	0.96589
625.4	0.96309
625.6	0.95941
625.8	0.95544
626.0	0.95115
626.2	0.94745
626.4	0.94337
626.6	0.94078
626.8	0.93867
627.0	0.93758
627.2	0.93762
627.4	0.93879
627.6	0.94163
627.8	0.9447
628.0	0.94922
628.2	0.95355
628.4	0.95846
628.6	0.9634
628.8	0.96803
629.0	0.97148
629.2	0.97445
629.4	0.97601
629.6	0.97681
629.8	0.97653
630.0	0.97512
630.2	0.97289
630.4	0.96924
630.6	0.96596
630.8	0.96229
631.0	0.95887
631.2	0.95605
631.4	0.95349
631.6	0.95183
631.8	0.95145
632.0	0.95187
632.2	0.95319
632.4	0.95538
632.6	0.95813
632.8	0.9614
633.0	0.96442
633.2	0.96777
633.4	0.97072
633.6	0.97287
633.8	0.97363
634.0	0.97381
634.2	0.97303
634.4	0.9708
634.6	0.96828
634.8	0.96476
635.0	0.96068
635.2	0.95737
635.4	0.95449
635.6	0.95183
635.8	0.95014
636.0	0.94988
636.2	0.95035
636.4	0.95218
636.6	0.95525
636.8	0.95882
637.0	0.96306
637.2	0.96798
637.4	0.97236
637.6	0.97522
637.8	0.97786
638.0	0.97857
638.2	0.97778
638.4	0.9754
638.6	0.9711
638.8	0.96509
639.0	0.95791
639.2	0.9505
639.4	0.94363
639.6	0.93666
639.8	0.93192
640.0	0.92857
640.2	0.92779
640.4	0.9288
640.6	0.93297
640.8	0.9386
641.0	0.94573
641.2	0.95391
641.4	0.96092
641.6	0.96677
641.8	0.97003
642.0	0.96905
642.2	0.96453
642.4	0.9557
642.6	0.94266
642.8	0.9274
643.0	0.9112
643.2	0.8964
643.4	0.88275
643.6	0.87327
643.8	0.86834
644.0	0.87056
644.2	0.87822
644.4	0.89174
644.6	0.90882
644.8	0.92708
645.0	0.94235
645.2	0.94963
645.4	0.94463
645.6	0.92679
645.8	0.89833
646.0	0.8628
646.2	0.8364
646.4	0.82539
646.6	0.83814
646.8	0.87609
647.0	0.92286
647.2	0.90917
647.4	0.74366
647.6	0.47656
647.8	0.25708
648.0	0.1311
648.2	0.06829
648.4	0.03763
648.6	0.02186
648.8	0.01244
649.0	0.00757
649.2	0.00475
649.4	0.00308
649.6	0.00204
649.8	0.00138
650.0	9.5758e-04
650.2	6.5119e-04
650.4	4.601e-04
650.6	3.2668e-04
650.8	2.3836e-04
651.0	1.7312e-04
651.2	1.2981e-04
651.4	9.7643e-05
651.6	7.4512e-05
651.8	5.7432e-05
652.0	4.4032e-05
652.2	3.419e-05
652.4	2.6582e-05
652.6	2.0906e-05
652.8	1.627e-05
653.0	1.185e-05
653.2	1.0235e-05
653.4	8.354e-06
653.6	6.7256e-06
653.8	5.386e-06
654.0	4.4587e-06
654.2	3.6891e-06
654.4	3.0727e-06
654.6	2.7201e-06
654.8	2.2539e-06
655.0	1.8627e-06
655.2	1.5276e-06
655.4	1.2796e-06
655.6	1.1186e-06
655.8	9.5399e-07
656.0	8.4907e-07
656.2	7.1622e-07
656.4	6.396e-07
656.6	5.4274e-07
656.8	4.6073e-07
657.0	4.3189e-07
657.2	3.6016e-07
657.4	3.678e-07
657.6	3.7527e-07
657.8	2.9498e-07
658.0	2.4444e-07
658.2	2.0532e-07
658.4	1.3255e-07
658.6	1.7888e-07
658.8	2.4818e-07
659.0	1.904e-07
659.2	1.0618e-07
659.4	8.3038e-08
659.6	1.0988e-07
659.8	1.018e-07
660.0	1.171e-07
660.2	3.6418e-08
660.4	1.1678e-07
660.6	9.2633e-08
660.8	1.675e-07
661.0	1.1971e-07
661.2	1.1802e-07
661.4	9.0069e-08
661.6	1.3567e-08
661.8	5.3829e-08
662.0	1.2232e-07
662.2	9.3924e-08
662.4	4.1035e-08
662.6	4.1127e-08
662.8	8.1185e-08
663.0	1.6565e-08
663.2	5.2187e-08
663.4	1.0913e-07
663.6	9.438e-08
663.8	1.3714e-07
664.0	3.9983e-08
664.2	5.983e-08
664.4	1.0266e-07
664.6	6.2061e-08
664.8	7.2839e-08
665.0	1.5332e-07
665.2	1.1398e-07
665.4	1.5395e-07
665.6	1.6301e-07
665.8	1.6482e-07
666.0	1.6561e-07
666.2	1.8129e-07
666.4	1.8056e-07
666.6	6.599e-08
666.8	7.6581e-08
667.0	5.6567e-08
667.2	5.5862e-08
667.4	6.1529e-08
667.6	6.7312e-08
667.8	8.1864e-08
668.0	8.1856e-08
668.2	1.8188e-08
668.4	2.1573e-08
668.6	3.2039e-08
668.8	2.5199e-08
669.0	2.3123e-08
669.2	3.455e-08
669.4	9.0877e-08
669.6	2.0489e-08
669.8	2.3618e-08
670.0	4.2071e-08
670.2	2.2656e-08
670.4	1.218e-08
670.6	2.1514e-08
670.8	5.2024e-08
671.0	3.9766e-08
671.2	3.4667e-08
671.4	2.022e-08
671.6	1.5869e-08
671.8	2.5483e-08
672.0	1.054e-08
672.2	6.3846e-08
672.4	9.119e-08
672.6	5.8312e-08
672.8	4.8363e-08
673.0	3.248e-08
673.2	1.0414e-08
673.4	1.0413e-08
673.6	1.775e-08
673.8	1.3946e-08
674.0	1.0379e-08
674.2	1.0392e-08
674.4	2.006e-08
674.6	6.5284e-08
674.8	1.225e-08
675.0	1.0346e-08
675.2	1.8343e-08
675.4	2.729e-08
675.6	1.5614e-08
675.8	1.7707e-08
676.0	3.6338e-08
676.2	8.982e-08
676.4	4.1503e-08
676.6	1.5462e-08
676.8	3.5726e-08
677.0	4.4793e-08
677.2	2.2715e-08
677.4	2.9292e-08
677.6	1.2122e-08
677.8	1.0304e-08
678.0	1.6974e-08
678.2	2.845e-08
678.4	2.6938e-08
678.6	3.1758e-08
678.8	1.0476e-08
679.0	1.0394e-08
679.2	1.5749e-08
679.4	2.0824e-08
679.6	2.588e-08
679.8	3.7557e-08
680.0	1.1764e-08
680.2	2.0444e-08
680.4	5.9642e-08
680.6	2.7359e-08
680.8	1.3569e-08
681.0	2.3027e-08
681.2	3.4016e-08
681.4	4.3933e-08
681.6	5.2487e-08
681.8	6.827e-08
682.0	8.0125e-08
682.2	4.188e-08
682.4	1.3642e-08
682.6	4.8469e-08
682.8	6.3101e-08
683.0	5.4489e-08
683.2	5.3292e-08
683.4	4.1417e-08
683.6	4.4369e-08
683.8	8.5008e-08
684.0	3.1859e-08
684.2	1.1461e-08
684.4	4.8091e-08
684.6	2.0259e-08
684.8	1.4543e-08
685.0	1.7972e-08
685.2	1.1821e-08
685.4	5.5829e-08
685.6	7.4872e-08
685.8	4.8097e-08
686.0	2.8303e-08
686.2	3.3302e-08
686.4	6.4294e-08
686.6	6.3435e-08
686.8	1.6429e-08
687.0	8.8376e-09
687.2	1.7125e-08
687.4	1.7485e-08
687.6	9.0414e-09
687.8	8.0365e-09
688.0	1.0401e-08
688.2	5.1848e-08
688.4	5.4655e-08
688.6	2.8225e-08
688.8	2.6386e-08
689.0	2.2966e-08
689.2	1.0755e-08
689.4	1.0759e-08
689.6	4.2697e-08
689.8	4.4739e-08
690.0	5.6375e-08
690.2	5.9301e-08
690.4	5.8886e-08
690.6	7.4457e-08
690.8	6.5823e-08
691.0	4.8035e-08
691.2	4.35e-08
691.4	2.8109e-08
691.6	1.6108e-08
691.8	1.4731e-08
692.0	4.1516e-08
692.2	1.365e-08
692.4	1.1521e-08
692.6	1.8326e-08
692.8	2.7349e-08
693.0	2.1355e-08
693.2	1.459e-08
693.4	5.3203e-08
693.6	1.5175e-08
693.8	2.5584e-08
694.0	4.3161e-08
694.2	2.8016e-08
694.4	5.0291e-08
694.6	1.6763e-08
694.8	8.142e-08
695.0	8.1523e-08
695.2	3.6905e-08
695.4	1.4148e-08
695.6	2.6545e-08
695.8	7.6169e-08
696.0	9.2123e-08
696.2	2.534e-08
696.4	4.1977e-08
696.6	4.2771e-08
696.8	1.7617e-08
697.0	1.1011e-08
697.2	2.0416e-08
697.4	8.5408e-08
697.6	6.7783e-08
697.8	1.8611e-08
698.0	1.7042e-08
698.2	3.2655e-08
698.4	3.3104e-08
698.6	1.8958e-08
698.8	1.1223e-08
699.0	1.9606e-08
699.2	1.4278e-08
699.4	2.5744e-08
699.6	5.5868e-08
699.8	2.8649e-08
700.0	1.1069e-08
700.2	1.149e-08
700.4	7.3761e-08
700.6	9.6553e-08
700.8	5.9351e-08
701.0	4.559e-08
701.2	3.2181e-08
701.4	1.222e-08
701.6	2.1351e-08
701.8	3.7244e-08
702.0	2.0686e-08
702.2	1.8636e-08
702.4	4.4167e-08
702.6	3.2368e-08
702.8	1.107e-08
703.0	1.1068e-08
703.2	1.8533e-08
703.4	3.6597e-08
703.6	3.2518e-08
703.8	1.6986e-08
704.0	2.8031e-08
704.2	5.5086e-08
704.4	5.5097e-08
704.6	1.8738e-08
704.8	2.1275e-08
705.0	2.9955e-08
705.2	1.2822e-08
705.4	1.6323e-08
705.6	6.5506e-08
705.8	5.6567e-08
706.0	1.9874e-08
706.2	1.4839e-08
706.4	1.8397e-08
706.6	1.1597e-08
706.8	1.0942e-08
707.0	1.0941e-08
707.2	3.9327e-08
707.4	2.083e-08
707.6	1.09e-08
707.8	1.4299e-08
708.0	3.6869e-08
708.2	4.2936e-08
708.4	1.1754e-08
708.6	1.8371e-08
708.8	1.4798e-08
709.0	2.088e-08
709.2	6.0928e-08
709.4	4.546e-08
709.6	4.4561e-08
709.8	5.3281e-08
710.0	3.7666e-08
710.2	2.6409e-08
710.4	2.4837e-08
710.6	3.349e-08
710.8	4.0024e-08
711.0	5.6744e-08
711.2	9.1081e-08
711.4	4.6251e-08
711.6	2.6832e-08
711.8	2.6618e-08
712.0	4.088e-08
712.2	2.4744e-08
712.4	3.12e-08
712.6	1.2879e-08
712.8	1.09e-08
713.0	2.265e-08
713.2	3.6098e-08
713.4	1.1842e-08
713.6	3.463e-08
713.8	1.1063e-08
714.0	3.3828e-08
714.2	3.6646e-08
714.4	2.0691e-08
714.6	1.4068e-08
714.8	3.2165e-08
715.0	1.7463e-08
715.2	1.1364e-08
715.4	2.4912e-08
715.6	3.8622e-08
715.8	2.709e-08
716.0	1.3016e-08
716.2	3.1646e-08
716.4	3.5156e-08
716.6	1.2634e-08
716.8	1.1073e-08
717.0	1.1059e-08
717.2	1.5675e-08
717.4	2.8899e-08
717.6	1.1963e-08
717.8	2.5384e-08
718.0	1.2923e-08
718.2	3.7167e-08
718.4	2.8274e-08
718.6	1.1096e-08
718.8	1.1813e-08
719.0	2.0672e-08
719.2	4.1104e-08
719.4	4.7323e-08
719.6	3.3355e-08
719.8	3.3339e-08
720.0	6.8983e-08
720.2	2.8369e-08
720.4	5.1583e-08
720.6	1.9831e-08
720.8	2.8118e-08
721.0	1.7272e-08
721.2	1.124e-08
721.4	1.1256e-08
721.6	1.1728e-08
721.8	6.2469e-08
722.0	2.6405e-08
722.2	1.2731e-08
722.4	1.6403e-08
722.6	2.2589e-08
722.8	2.0433e-08
723.0	1.1714e-08
723.2	2.6191e-08
723.4	3.3008e-08
723.6	1.6615e-08
723.8	1.1401e-08
724.0	1.6164e-08
724.2	3.5533e-08
724.4	4.4938e-08
724.6	2.7699e-08
724.8	3.3582e-08
725.0	3.7383e-08
725.2	2.0303e-08
725.4	1.1485e-08
725.6	1.1469e-08
725.8	1.1456e-08
726.0	3.0347e-08
726.2	3.6615e-08
726.4	3.8429e-08
726.6	2.608e-08
726.8	1.1579e-08
727.0	1.1588e-08
727.2	1.1597e-08
727.4	3.6081e-08
727.6	5.196e-08
727.8	4.794e-08
728.0	6.2598e-08
728.2	7.009e-08
728.4	7.0091e-08
728.6	1.3393e-08
728.8	2.2726e-08
729.0	1.1751e-08
729.2	2.7343e-08
729.4	3.1731e-08
729.6	3.3595e-08
729.8	1.1734e-08
730.0	1.1759e-08
730.2	4.9347e-08
730.4	4.8616e-08
730.6	4.7896e-08
730.8	4.7186e-08
731.0	4.6487e-08
731.2	4.5799e-08
731.4	4.5121e-08
731.6	4.4452e-08
731.8	4.3794e-08
732.0	4.3145e-08
732.2	4.2363e-08
732.4	4.1545e-08
732.6	4.0742e-08
732.8	3.9956e-08
733.0	3.9184e-08
733.2	3.8428e-08
733.4	3.7686e-08
733.6	3.6958e-08
733.8	3.6244e-08
734.0	3.5545e-08
734.2	3.6164e-08
734.4	3.7124e-08
734.6	3.811e-08
734.8	3.9122e-08
735.0	4.016e-08
735.2	4.1226e-08
735.4	4.2321e-08
735.6	4.3444e-08
735.8	4.4597e-08
736.0	4.5781e-08
736.2	4.5031e-08
736.4	4.4011e-08
736.6	4.3014e-08
736.8	4.204e-08
737.0	4.1087e-08
737.2	4.0157e-08
737.4	3.9247e-08
737.6	3.8358e-08
737.8	3.7489e-08
738.0	3.664e-08
738.2	3.5914e-08
738.4	3.521e-08
738.6	3.452e-08
738.8	3.3843e-08
739.0	3.3179e-08
739.2	3.2529e-08
739.4	3.1891e-08
739.6	3.1265e-08
739.8	3.0652e-08
740.0	3.0051e-08
740.2	2.9776e-08
740.4	2.9564e-08
740.6	2.9355e-08
740.8	2.9147e-08
741.0	2.894e-08
741.2	2.8735e-08
741.4	2.8531e-08
741.6	2.8328e-08
741.8	2.8128e-08
742.0	2.7928e-08
742.2	2.1495e-08
742.4	1.5057e-08
742.6	1.0547e-08
742.8	7.3881e-09
743.0	5.1752e-09
743.2	3.6251e-09
743.4	2.5393e-09
743.6	1.7788e-09
743.8	1.246e-09
744.0	8.7279e-10
744.2	1.061e-09
744.4	1.4867e-09
744.6	2.0833e-09
744.8	2.9194e-09
745.0	4.0909e-09
745.2	5.7325e-09
745.4	8.0329e-09
745.6	1.1256e-08
745.8	1.5773e-08
746.0	2.2103e-08
746.2	2.1526e-08
746.4	1.9808e-08
746.6	1.8226e-08
746.8	1.6771e-08
747.0	1.5431e-08
747.2	1.4199e-08
747.4	1.3065e-08
747.6	1.2022e-08
747.8	1.1062e-08
748.0	1.0179e-08
748.2	1.1814e-08
748.4	1.3915e-08
748.6	1.6391e-08
748.8	1.9307e-08
749.0	2.2743e-08
749.2	2.6789e-08
749.4	3.1555e-08
749.6	3.7169e-08
749.8	4.3782e-08
750.0	5.1572e-08
750.2	5.4012e-08
750.4	5.5174e-08
750.6	5.6362e-08
750.8	5.7575e-08
751.0	5.8814e-08
751.2	6.008e-08
751.4	6.1373e-08
751.6	6.2694e-08
751.8	6.4043e-08
752.0	6.5422e-08
752.2	6.3993e-08
752.4	6.1469e-08
752.6	5.9044e-08
752.8	5.6716e-08
753.0	5.4479e-08
753.2	5.233e-08
753.4	5.0266e-08
753.6	4.8284e-08
753.8	4.6379e-08
754.0	4.455e-08
754.2	4.3276e-08
754.4	4.2172e-08
754.6	4.1096e-08
754.8	4.0047e-08
755.0	3.9026e-08
755.2	3.803e-08
755.4	3.706e-08
755.6	3.6114e-08
755.8	3.5193e-08
756.0	3.4295e-08
756.2	3.2892e-08
756.4	3.1464e-08
756.6	3.0099e-08
756.8	2.8793e-08
757.0	2.7543e-08
757.2	2.6348e-08
757.4	2.5205e-08
757.6	2.4111e-08
757.8	2.3065e-08
758.0	2.2064e-08
758.2	2.3015e-08
758.4	2.414e-08
758.6	2.532e-08
758.8	2.6558e-08
759.0	2.7856e-08
759.2	2.9218e-08
759.4	3.0646e-08
759.6	3.2144e-08
759.8	3.3715e-08
760.0	3.5364e-08
760.2	3.6256e-08
760.4	3.6991e-08
760.6	3.774e-08
760.8	3.8505e-08
761.0	3.9286e-08
761.2	4.0082e-08
761.4	4.0895e-08
761.6	4.1724e-08
761.8	4.257e-08
762.0	4.3433e-08
762.2	4.3154e-08
762.4	4.2415e-08
762.6	4.1689e-08
762.8	4.0975e-08
763.0	4.0274e-08
763.2	3.9584e-08
763.4	3.8907e-08
763.6	3.8241e-08
763.8	3.7586e-08
764.0	3.6943e-08
764.2	3.686e-08
764.4	3.6925e-08
764.6	3.6989e-08
764.8	3.7054e-08
765.0	3.7119e-08
765.2	3.7185e-08
765.4	3.725e-08
765.6	3.7315e-08
765.8	3.7381e-08
766.0	3.7446e-08
766.2	3.1375e-08
766.4	2.5626e-08
766.6	2.093e-08
766.8	1.7094e-08
767.0	1.3962e-08
767.2	1.1403e-08
767.4	9.3138e-09
767.6	7.6071e-09
767.8	6.2131e-09
768.0	5.0745e-09
768.2	5.4995e-09
768.4	6.0308e-09
768.6	6.6134e-09
768.8	7.2522e-09
769.0	7.9528e-09
769.2	8.7211e-09
769.4	9.5635e-09
769.6	1.0487e-08
769.8	1.15e-08
770.0	1.2611e-08
770.2	1.1057e-08
770.4	9.2454e-09
770.6	7.7305e-09
770.8	6.4637e-09
771.0	5.4046e-09
771.2	4.5189e-09
771.4	3.7785e-09
771.6	3.1593e-09
771.8	2.6416e-09
772.0	2.2088e-09
772.2	2.276e-09
772.4	2.5876e-09
772.6	2.942e-09
772.8	3.3448e-09
773.0	3.8028e-09
773.2	4.3235e-09
773.4	4.9154e-09
773.6	5.5885e-09
773.8	6.3537e-09
774.0	7.2237e-09
774.2	9.1848e-09
774.4	1.2087e-08
774.6	1.5905e-08
774.8	2.093e-08
775.0	2.7543e-08
775.2	3.6244e-08
775.4	4.7695e-08
775.6	6.2763e-08
775.8	8.2592e-08
776.0	1.0869e-07
776.2	1.3355e-07
776.4	1.6228e-07
776.6	1.9719e-07
776.8	2.3961e-07
777.0	2.9116e-07
777.2	3.5379e-07
777.4	4.299e-07
777.6	5.2239e-07
777.8	6.3477e-07
778.0	7.7132e-07
778.2	8.2689e-07
778.4	8.8062e-07
778.6	9.3786e-07
778.8	9.9881e-07
779.0	1.0637e-06
779.2	1.1328e-06
779.4	1.2065e-06
779.6	1.2849e-06
779.8	1.3684e-06
780.0	1.4573e-06
780.2	1.3808e-06
780.4	1.2762e-06
780.6	1.1795e-06
780.8	1.0902e-06
781.0	1.0077e-06
781.2	9.3134e-07
781.4	8.608e-07
781.6	7.9561e-07
781.8	7.3536e-07
782.0	6.7967e-07
782.2	5.6453e-07
782.4	4.4742e-07
782.6	3.546e-07
782.8	2.8104e-07
783.0	2.2274e-07
783.2	1.7653e-07
783.4	1.3991e-07
783.6	1.1089e-07
783.8	8.7885e-08
784.0	6.9653e-08
784.2	5.5204e-08
784.4	4.3752e-08
784.6	3.5701e-08
784.8	3.3421e-08
785.0	3.1287e-08
785.2	2.929e-08
785.4	2.7419e-08
785.6	2.5669e-08
785.8	2.403e-08
786.0	2.2495e-08
786.2	2.1059e-08
786.4	1.9714e-08
786.6	1.9033e-08
786.8	1.9971e-08
787.0	2.0956e-08
787.2	2.1989e-08
787.4	2.3073e-08
787.6	2.421e-08
787.8	2.5404e-08
788.0	2.6656e-08
788.2	2.797e-08
788.4	2.9349e-08
788.6	3.0999e-08
788.8	3.311e-08
789.0	3.5365e-08
789.2	3.7773e-08
789.4	4.0345e-08
789.6	4.3093e-08
789.8	4.6028e-08
790.0	4.9162e-08
790.2	5.251e-08
790.4	5.6086e-08
790.6	6.1092e-08
790.8	6.8003e-08
791.0	7.5695e-08
791.2	8.4257e-08
791.4	9.3788e-08
791.6	1.044e-07
791.8	1.1621e-07
792.0	1.2935e-07
792.2	1.4398e-07
792.4	1.6027e-07
792.6	1.784e-07
792.8	1.9858e-07
793.0	2.2104e-07
793.2	1.704e-07
793.4	1.2936e-07
793.6	9.8207e-08
793.8	7.4555e-08
794.0	5.66e-08
794.2	4.2969e-08
794.4	3.2621e-08
794.6	2.4765e-08
794.8	1.8801e-08
795.0	1.4606e-08
795.2	1.5809e-08
795.4	1.711e-08
795.6	1.8519e-08
795.8	2.0045e-08
796.0	2.1695e-08
796.2	2.296e-08
796.4	2.346e-08
796.6	2.3971e-08
796.8	2.4492e-08
797.0	2.5026e-08
797.2	2.557e-08
797.4	2.6127e-08
797.6	2.6696e-08
797.8	2.7277e-08
798.0	2.7871e-08
798.2	2.7776e-08
798.4	2.6973e-08
798.6	2.6193e-08
798.8	2.5436e-08
799.0	2.4701e-08
799.2	2.3986e-08
799.4	2.3293e-08
799.6	2.2619e-08
799.8	2.1965e-08
800.0	2.133e-08
800.2	2.1374e-08
800.4	2.188e-08
800.6	2.2398e-08
800.8	2.2928e-08
801.0	2.3471e-08
801.2	2.4027e-08
801.4	2.4595e-08
801.6	2.5178e-08
801.8	2.5774e-08
802.0	2.6384e-08
802.2	2.6435e-08
802.4	2.6249e-08
802.6	2.6065e-08
802.8	2.5882e-08
803.0	2.57e-08
803.2	2.552e-08
803.4	2.534e-08
803.6	2.5162e-08
803.8	2.4986e-08
804.0	2.481e-08
804.2	2.6018e-08
804.4	2.7624e-08
804.6	2.933e-08
804.8	3.1141e-08
805.0	3.3063e-08
805.2	3.5105e-08
805.4	3.7272e-08
805.6	3.9573e-08
805.8	4.2017e-08
806.0	4.4611e-08
806.2	4.8333e-08
806.4	5.4162e-08
806.6	6.0693e-08
806.8	6.8013e-08
807.0	7.6214e-08
807.2	8.5405e-08
807.4	9.5705e-08
807.6	1.0725e-07
807.8	1.2018e-07
808.0	1.3467e-07
808.2	1.538e-07
808.4	1.7929e-07
808.6	2.09e-07
808.8	2.4363e-07
809.0	2.8401e-07
809.2	3.3107e-07
809.4	3.8594e-07
809.6	4.499e-07
809.8	5.2445e-07
810.0	6.1137e-07
810.2	6.6979e-07
810.4	7.0343e-07
810.6	7.3877e-07
810.8	7.7589e-07
811.0	8.1486e-07
811.2	8.558e-07
811.4	8.9879e-07
811.6	9.4394e-07
811.8	9.9136e-07
812.0	1.0412e-06
812.2	1.0016e-06
812.4	9.2951e-07
812.6	8.6265e-07
812.8	8.006e-07
813.0	7.4302e-07
813.2	6.8957e-07
813.4	6.3997e-07
813.6	5.9394e-07
813.8	5.5121e-07
814.0	5.1157e-07
814.2	4.9257e-07
814.4	4.7799e-07
814.6	4.6384e-07
814.8	4.5011e-07
815.0	4.3679e-07
815.2	4.2386e-07
815.4	4.1132e-07
815.6	3.9914e-07
815.8	3.8733e-07
816.0	3.7587e-07
816.2	3.7154e-07
816.4	3.7927e-07
816.6	3.8715e-07
816.8	3.952e-07
817.0	4.0341e-07
817.2	4.1179e-07
817.4	4.2035e-07
817.6	4.2909e-07
817.8	4.3801e-07
818.0	4.4711e-07
818.2	4.5471e-07
818.4	4.6057e-07
818.6	4.665e-07
818.8	4.7251e-07
819.0	4.786e-07
819.2	4.8477e-07
819.4	4.9102e-07
819.6	4.9735e-07
819.8	5.0376e-07
820.0	5.1025e-07
820.2	5.0446e-07
820.4	4.9057e-07
820.6	4.7707e-07
820.8	4.6394e-07
821.0	4.5117e-07
821.2	4.3876e-07
821.4	4.2668e-07
821.6	4.1494e-07
821.8	4.0352e-07
822.0	3.9241e-07
822.2	3.8483e-07
822.4	3.7864e-07
822.6	3.7254e-07
822.8	3.6655e-07
823.0	3.6064e-07
823.2	3.5484e-07
823.4	3.4913e-07
823.6	3.4351e-07
823.8	3.3798e-07
824.0	3.3253e-07
824.2	3.3022e-07
824.4	3.2849e-07
824.6	3.2678e-07
824.8	3.2507e-07
825.0	3.2337e-07
825.2	3.2168e-07
825.4	3.2e-07
825.6	3.1833e-07
825.8	3.1667e-07
826.0	3.1501e-07
826.2	3.1778e-07
826.4	3.2864e-07
826.6	3.3988e-07
826.8	3.515e-07
827.0	3.6352e-07
827.2	3.7594e-07
827.4	3.888e-07
827.6	4.0209e-07
827.8	4.1584e-07
828.0	4.3005e-07
828.2	4.4551e-07
828.4	4.6238e-07
828.6	4.7988e-07
828.8	4.9804e-07
829.0	5.1689e-07
829.2	5.3646e-07
829.4	5.5676e-07
829.6	5.7784e-07
829.8	5.9971e-07
830.0	6.2241e-07
830.2	6.4547e-07
830.4	6.6904e-07
830.6	6.9347e-07
830.8	7.188e-07
831.0	7.4505e-07
831.2	7.7226e-07
831.4	8.0046e-07
831.6	8.2969e-07
831.8	8.5999e-07
832.0	8.914e-07
832.2	9.1649e-07
832.4	9.3954e-07
832.6	9.6317e-07
832.8	9.8739e-07
833.0	1.0122e-06
833.2	1.0377e-06
833.4	1.0638e-06
833.6	1.0905e-06
833.8	1.118e-06
834.0	1.1461e-06
834.2	1.1501e-06
834.4	1.1504e-06
834.6	1.1506e-06
834.8	1.1509e-06
835.0	1.1511e-06
835.2	1.1513e-06
835.4	1.1516e-06
835.6	1.1518e-06
835.8	1.1521e-06
836.0	1.1523e-06
836.2	1.1528e-06
836.4	1.1537e-06
836.6	1.1547e-06
836.8	1.1556e-06
837.0	1.1565e-06
837.2	1.1575e-06
837.4	1.1584e-06
837.6	1.1593e-06
837.8	1.1603e-06
838.0	1.1612e-06
838.2	1.1543e-06
838.4	1.1391e-06
838.6	1.124e-06
838.8	1.1092e-06
839.0	1.0946e-06
839.2	1.0801e-06
839.4	1.0659e-06
839.6	1.0518e-06
839.8	1.0379e-06
840.0	1.0242e-06
840.2	1.0113e-06
840.4	9.9889e-07
840.6	9.8664e-07
840.8	9.7455e-07
841.0	9.6261e-07
841.2	9.5081e-07
841.4	9.3915e-07
841.6	9.2764e-07
841.8	9.1627e-07
842.0	9.0504e-07
842.2	8.9267e-07
842.4	8.8006e-07
842.6	8.6762e-07
842.8	8.5535e-07
843.0	8.4326e-07
843.2	8.3134e-07
843.4	8.1959e-07
843.6	8.08e-07
843.8	7.9658e-07
844.0	7.8532e-07
844.2	7.7032e-07
844.4	7.551e-07
844.6	7.4019e-07
844.8	7.2557e-07
845.0	7.1123e-07
845.2	6.9718e-07
845.4	6.8341e-07
845.6	6.6991e-07
845.8	6.5668e-07
846.0	6.4371e-07
846.2	6.3708e-07
846.4	6.4237e-07
846.6	6.477e-07
846.8	6.5308e-07
847.0	6.5851e-07
847.2	6.6397e-07
847.4	6.6949e-07
847.6	6.7505e-07
847.8	6.8065e-07
848.0	6.863e-07
848.2	6.8918e-07
848.4	6.8896e-07
848.6	6.8874e-07
848.8	6.8851e-07
849.0	6.8829e-07
849.2	6.8807e-07
849.4	6.8784e-07
849.6	6.8762e-07
849.8	6.874e-07
850.0	6.8717e-07
850.2	6.8646e-07
850.4	6.8543e-07
850.6	6.8441e-07
850.8	6.8339e-07
851.0	6.8236e-07
851.2	6.8134e-07
851.4	6.8033e-07
851.6	6.7931e-07
851.8	6.783e-07
852.0	6.7728e-07
852.2	6.7574e-07
852.4	6.7403e-07
852.6	6.7232e-07
852.8	6.7061e-07
853.0	6.6891e-07
853.2	6.6722e-07
853.4	6.6553e-07
853.6	6.6384e-07
853.8	6.6216e-07
854.0	6.6048e-07
854.2	6.5161e-07
854.4	6.4208e-07
854.6	6.3269e-07
854.8	6.2343e-07
855.0	6.1431e-07
855.2	6.0532e-07
855.4	5.9647e-07
855.6	5.8774e-07
855.8	5.7914e-07
856.0	5.7067e-07
856.2	5.6865e-07
856.4	5.7906e-07
856.6	5.8966e-07
856.8	6.0045e-07
857.0	6.1145e-07
857.2	6.2264e-07
857.4	6.3404e-07
857.6	6.4565e-07
857.8	6.5747e-07
858.0	6.6951e-07
858.2	6.8243e-07
858.4	6.9632e-07
858.6	7.1048e-07
858.8	7.2494e-07
859.0	7.3969e-07
859.2	7.5474e-07
859.4	7.701e-07
859.6	7.8576e-07
859.8	8.0175e-07
860.0	8.1806e-07
860.2	8.4585e-07
860.4	8.8141e-07
860.6	9.1846e-07
860.8	9.5707e-07
861.0	9.9731e-07
861.2	1.0392e-06
861.4	1.0829e-06
861.6	1.1284e-06
861.8	1.1759e-06
862.0	1.2253e-06
862.2	1.282e-06
862.4	1.3428e-06
862.6	1.4065e-06
862.8	1.4733e-06
863.0	1.5432e-06
863.2	1.6164e-06
863.4	1.6931e-06
863.6	1.7734e-06
863.8	1.8575e-06
864.0	1.9457e-06
864.2	2.0248e-06
864.4	2.1061e-06
864.6	2.1906e-06
864.8	2.2786e-06
865.0	2.3701e-06
865.2	2.4653e-06
865.4	2.5643e-06
865.6	2.6672e-06
865.8	2.7743e-06
866.0	2.8857e-06
866.2	2.9931e-06
866.4	3.0869e-06
866.6	3.1837e-06
866.8	3.2835e-06
867.0	3.3865e-06
867.2	3.4927e-06
867.4	3.6022e-06
867.6	3.7151e-06
867.8	3.8316e-06
868.0	3.9517e-06
868.2	3.9839e-06
868.4	3.9204e-06
868.6	3.8579e-06
868.8	3.7964e-06
869.0	3.7359e-06
869.2	3.6764e-06
869.4	3.6178e-06
869.6	3.5601e-06
869.8	3.5034e-06
870.0	3.4475e-06
870.2	3.3114e-06
870.4	3.1367e-06
870.6	2.9711e-06
870.8	2.8144e-06
871.0	2.6659e-06
871.2	2.5252e-06
871.4	2.3919e-06
871.6	2.2657e-06
871.8	2.1462e-06
872.0	2.0329e-06
872.2	1.9301e-06
872.4	1.8337e-06
872.6	1.7421e-06
872.8	1.655e-06
873.0	1.5723e-06
873.2	1.4938e-06
873.4	1.4191e-06
873.6	1.3482e-06
873.8	1.2809e-06
874.0	1.2169e-06
874.2	1.1699e-06
874.4	1.1255e-06
874.6	1.0827e-06
874.8	1.0416e-06
875.0	1.002e-06
875.2	9.6398e-07
875.4	9.2737e-07
875.6	8.9215e-07
875.8	8.5826e-07
876.0	8.2566e-07
876.2	8.0237e-07
876.4	7.9746e-07
876.6	7.9258e-07
876.8	7.8773e-07
877.0	7.8291e-07
877.2	7.7811e-07
877.4	7.7335e-07
877.6	7.6862e-07
877.8	7.6391e-07
878.0	7.5924e-07
878.2	7.6138e-07
878.4	7.7143e-07
878.6	7.8161e-07
878.8	7.9192e-07
879.0	8.0238e-07
879.2	8.1297e-07
879.4	8.237e-07
879.6	8.3457e-07
879.8	8.4558e-07
880.0	8.5674e-07
880.2	8.8049e-07
880.4	9.1265e-07
880.6	9.4599e-07
880.8	9.8055e-07
881.0	1.0164e-06
881.2	1.0535e-06
881.4	1.092e-06
881.6	1.1319e-06
881.8	1.1732e-06
882.0	1.2161e-06
882.2	1.2774e-06
882.4	1.3466e-06
882.6	1.4196e-06
882.8	1.4966e-06
883.0	1.5778e-06
883.2	1.6633e-06
883.4	1.7535e-06
883.6	1.8486e-06
883.8	1.9488e-06
884.0	2.0545e-06
884.2	2.187e-06
884.4	2.3292e-06
884.6	2.4806e-06
884.8	2.6419e-06
885.0	2.8136e-06
885.2	2.9965e-06
885.4	3.1913e-06
885.6	3.3988e-06
885.8	3.6198e-06
886.0	3.8551e-06
886.2	4.0944e-06
886.4	4.3212e-06
886.6	4.5605e-06
886.8	4.8131e-06
887.0	5.0797e-06
887.2	5.3611e-06
887.4	5.658e-06
887.6	5.9714e-06
887.8	6.3022e-06
888.0	6.6512e-06
888.2	6.8399e-06
888.4	6.8272e-06
888.6	6.8144e-06
888.8	6.8017e-06
889.0	6.7891e-06
889.2	6.7764e-06
889.4	6.7638e-06
889.6	6.7511e-06
889.8	6.7386e-06
890.0	6.726e-06
890.2	6.5579e-06
890.4	6.3066e-06
890.6	6.0649e-06
890.8	5.8325e-06
891.0	5.609e-06
891.2	5.3941e-06
891.4	5.1874e-06
891.6	4.9886e-06
891.8	4.7974e-06
892.0	4.6136e-06
892.2	4.4073e-06
892.4	4.2033e-06
892.6	4.0087e-06
892.8	3.8231e-06
893.0	3.6461e-06
893.2	3.4773e-06
893.4	3.3163e-06
893.6	3.1628e-06
893.8	3.0164e-06
894.0	2.8767e-06
894.2	2.7633e-06
894.4	2.655e-06
894.6	2.5509e-06
894.8	2.4509e-06
895.0	2.3548e-06
895.2	2.2625e-06
895.4	2.1738e-06
895.6	2.0885e-06
895.8	2.0067e-06
896.0	1.928e-06
896.2	1.8653e-06
896.4	1.8408e-06
896.6	1.8166e-06
896.8	1.7927e-06
897.0	1.7692e-06
897.2	1.7459e-06
897.4	1.723e-06
897.6	1.7003e-06
897.8	1.678e-06
898.0	1.6559e-06
898.2	1.6468e-06
898.4	1.6546e-06
898.6	1.6625e-06
898.8	1.6703e-06
899.0	1.6782e-06
899.2	1.6862e-06
899.4	1.6941e-06
899.6	1.7022e-06
899.8	1.7102e-06
900.0	1.7183e-06
900.2	1.7445e-06
900.4	1.7833e-06
900.6	1.8228e-06
900.8	1.8633e-06
901.0	1.9047e-06
901.2	1.947e-06
901.4	1.9902e-06
901.6	2.0344e-06
901.8	2.0795e-06
902.0	2.1257e-06
902.2	2.1814e-06
902.4	2.241e-06
902.6	2.3022e-06
902.8	2.3651e-06
903.0	2.4297e-06
903.2	2.4961e-06
903.4	2.5643e-06
903.6	2.6343e-06
903.8	2.7063e-06
904.0	2.7802e-06
904.2	2.7582e-06
904.4	2.7318e-06
904.6	2.7057e-06
904.8	2.6798e-06
905.0	2.6542e-06
905.2	2.6288e-06
905.4	2.6037e-06
905.6	2.5788e-06
905.8	2.5542e-06
906.0	2.5297e-06
906.2	2.4844e-06
906.4	2.3768e-06
906.6	2.2738e-06
906.8	2.1754e-06
907.0	2.0812e-06
907.2	1.991e-06
907.4	1.9048e-06
907.6	1.8223e-06
907.8	1.7434e-06
908.0	1.6679e-06
908.2	1.5943e-06
908.4	1.5221e-06
908.6	1.4531e-06
908.8	1.3873e-06
909.0	1.3245e-06
909.2	1.2645e-06
909.4	1.2073e-06
909.6	1.1526e-06
909.8	1.1004e-06
910.0	1.0505e-06
910.2	1.0106e-06
910.4	9.7711e-07
910.6	9.4473e-07
910.8	9.1341e-07
911.0	8.8314e-07
911.2	8.5387e-07
911.4	8.2557e-07
911.6	7.9821e-07
911.8	7.7175e-07
912.0	7.4617e-07
912.2	7.3081e-07
912.4	7.1838e-07
912.6	7.0616e-07
912.8	6.9415e-07
913.0	6.8235e-07
913.2	6.7074e-07
913.4	6.5933e-07
913.6	6.4811e-07
913.8	6.3709e-07
914.0	6.2625e-07
914.2	6.2456e-07
914.4	6.2316e-07
914.6	6.2175e-07
914.8	6.2035e-07
915.0	6.1895e-07
915.2	6.1756e-07
915.4	6.1617e-07
915.6	6.1478e-07
915.8	6.1339e-07
916.0	6.1201e-07
916.2	6.1263e-07
916.4	6.1982e-07
916.6	6.271e-07
916.8	6.3446e-07
917.0	6.419e-07
917.2	6.4944e-07
917.4	6.5706e-07
917.6	6.6477e-07
917.8	6.7257e-07
918.0	6.8047e-07
918.2	6.9106e-07
918.4	7.0548e-07
918.6	7.202e-07
918.8	7.3523e-07
919.0	7.5057e-07
919.2	7.6624e-07
919.4	7.8223e-07
919.6	7.9855e-07
919.8	8.1522e-07
920.0	8.3223e-07
920.2	8.565e-07
920.4	8.8613e-07
920.6	9.1679e-07
920.8	9.4851e-07
921.0	9.8133e-07
921.2	1.0153e-06
921.4	1.0504e-06
921.6	1.0868e-06
921.8	1.1244e-06
922.0	1.1633e-06
922.2	1.2169e-06
922.4	1.2767e-06
922.6	1.3395e-06
922.8	1.4053e-06
923.0	1.4743e-06
923.2	1.5468e-06
923.4	1.6228e-06
923.6	1.7025e-06
923.8	1.7862e-06
924.0	1.874e-06
924.2	1.9937e-06
924.4	2.1215e-06
924.6	2.2574e-06
924.8	2.402e-06
925.0	2.5559e-06
925.2	2.7196e-06
925.4	2.8939e-06
925.6	3.1073e-06
925.8	3.3657e-06
926.0	3.6456e-06
926.2	3.9364e-06
926.4	4.2087e-06
926.6	4.4998e-06
926.8	4.8111e-06
927.0	5.1932e-06
927.2	5.6075e-06
927.4	6.0547e-06
927.6	6.534e-06
927.8	7.0495e-06
928.0	7.6058e-06
928.2	8.2394e-06
928.4	8.9741e-06
928.6	9.7744e-06
928.8	1.0641e-05
929.0	1.1554e-05
929.2	1.2545e-05
929.4	1.3621e-05
929.6	1.4771e-05
929.8	1.6015e-05
930.0	1.7365e-05
930.2	1.8989e-05
930.4	2.0871e-05
930.6	2.2941e-05
930.8	2.5194e-05
931.0	2.7628e-05
931.2	3.0296e-05
931.4	3.323e-05
931.6	3.6548e-05
931.8	4.0197e-05
932.0	4.421e-05
932.2	4.8613e-05
932.4	5.3452e-05
932.6	5.8773e-05
932.8	6.4642e-05
933.0	7.1113e-05
933.2	7.8232e-05
933.4	8.5849e-05
933.6	9.3617e-05
933.8	1.0209e-04
934.0	1.1131e-04
934.2	1.2077e-04
934.4	1.3102e-04
934.6	1.4215e-04
934.8	1.5369e-04
935.0	1.6598e-04
935.2	1.7935e-04
935.4	1.9379e-04
935.6	2.0939e-04
935.8	2.2668e-04
936.0	2.4144e-04
936.2	2.5779e-04
936.4	2.7806e-04
936.6	3.0031e-04
936.8	3.1908e-04
937.0	3.3884e-04
937.2	3.6753e-04
937.4	3.8774e-04
937.6	4.2041e-04
937.8	4.4709e-04
938.0	4.726e-04
938.2	5.0933e-04
938.4	5.3586e-04
938.6	5.7491e-04
938.8	6.0911e-04
939.0	6.5826e-04
939.2	7.0379e-04
939.4	7.4964e-04
939.6	8.059e-04
939.8	8.6469e-04
940.0	9.3554e-04
940.2	0.001
940.4	0.00107
940.6	0.00116
940.8	0.00124
941.0	0.00134
941.2	0.00144
941.4	0.00155
941.6	0.00168
941.8	0.0018
942.0	0.00194
942.2	0.00211
942.4	0.00227
942.6	0.00248
942.8	0.00271
943.0	0.00294
943.2	0.00319
943.4	0.00346
943.6	0.00376
943.8	0.00413
944.0	0.0045
944.2	0.00488
944.4	0.00522
944.6	0.00566
944.8	0.0062
945.0	0.0067
945.2	0.00718
945.4	0.00771
945.6	0.00827
945.8	0.00895
946.0	0.00972
946.2	0.0105
946.4	0.0113
946.6	0.01231
946.8	0.01318
947.0	0.01416
947.2	0.01524
947.4	0.01626
947.6	0.01754
947.8	0.01875
948.0	0.02006
948.2	0.02148
948.4	0.02279
948.6	0.02444
948.8	0.02615
949.0	0.02781
949.2	0.02973
949.4	0.03168
949.6	0.03353
949.8	0.03559
950.0	0.03743
950.2	0.04001
950.4	0.04234
950.6	0.04476
950.8	0.04748
951.0	0.0501
951.2	0.05328
951.4	0.05637
951.6	0.05969
951.8	0.06343
952.0	0.06696
952.2	0.07072
952.4	0.07569
952.6	0.07969
952.8	0.08434
953.0	0.08924
953.2	0.09384
953.4	0.09936
953.6	0.10426
953.8	0.10945
954.0	0.11568
954.2	0.12067
954.4	0.12586
954.6	0.13228
954.8	0.13601
955.0	0.14093
955.2	0.14366
955.4	0.14644
955.6	0.14928
955.8	0.15019
956.0	0.15155
956.2	0.1522
956.4	0.14986
956.6	0.14811
956.8	0.14621
957.0	0.14218
957.2	0.13901
957.4	0.13465
957.6	0.13009
957.8	0.12636
958.0	0.12169
958.2	0.11705
958.4	0.11297
958.6	0.10799
958.8	0.10303
959.0	0.09915
959.2	0.09534
959.4	0.09115
959.6	0.08817
959.8	0.08511
960.0	0.08181
960.2	0.07952
960.4	0.07614
960.6	0.07309
960.8	0.0712
961.0	0.06871
961.2	0.06692
961.4	0.06569
961.6	0.064
961.8	0.06231
962.0	0.06104
962.2	0.05958
962.4	0.0579
962.6	0.05716
962.8	0.05653
963.0	0.05563
963.2	0.05535
963.4	0.05461
963.6	0.05374
963.8	0.05342
964.0	0.05289
964.2	0.05246
964.4	0.05277
964.6	0.05266
964.8	0.05247
965.0	0.05256
965.2	0.05293
965.4	0.05331
965.6	0.05369
965.8	0.05306
966.0	0.05384
966.2	0.05433
966.4	0.05485
966.6	0.05563
966.8	0.05616
967.0	0.05644
967.2	0.05713
967.4	0.05818
967.6	0.05879
967.8	0.05998
968.0	0.06136
968.2	0.06183
968.4	0.06305
968.6	0.06411
968.8	0.06504
969.0	0.06656
969.2	0.06807
969.4	0.06949
969.6	0.07102
969.8	0.07265
970.0	0.07399
970.2	0.07525
970.4	0.07718
970.6	0.07902
970.8	0.08075
971.0	0.08286
971.2	0.08468
971.4	0.08635
971.6	0.08839
971.8	0.0903
972.0	0.09224
972.2	0.09465
972.4	0.097
972.6	0.09909
972.8	0.10176
973.0	0.10367
973.2	0.10538
973.4	0.10786
973.6	0.11032
973.8	0.11254
974.0	0.11514
974.2	0.11821
974.4	0.11942
974.6	0.12093
974.8	0.12417
975.0	0.12634
975.2	0.12855
975.4	0.1308
975.6	0.1331
975.8	0.13375
976.0	0.13651
976.2	0.13964
976.4	0.1409
976.6	0.14259
976.8	0.14481
977.0	0.14592
977.2	0.14806
977.4	0.15087
977.6	0.15262
977.8	0.15378
978.0	0.15489
978.2	0.15721
978.4	0.15807
978.6	0.1602
978.8	0.16293
979.0	0.16357
979.2	0.16434
979.4	0.16576
979.6	0.16806
979.8	0.16966
980.0	0.17083
980.2	0.17302
980.4	0.17376
980.6	0.17448
980.8	0.17685
981.0	0.17916
981.2	0.18054
981.4	0.18128
981.6	0.18306
981.8	0.18489
982.0	0.18642
982.2	0.18901
982.4	0.19126
982.6	0.19242
982.8	0.19343
983.0	0.19677
983.2	0.20018
983.4	0.20185
983.6	0.204
983.8	0.20667
984.0	0.20906
984.2	0.21173
984.4	0.21524
984.6	0.21886
984.8	0.22112
985.0	0.22375
985.2	0.22755
985.4	0.23141
985.6	0.23534
985.8	0.2405
986.0	0.24409
986.2	0.24739
986.4	0.25188
986.6	0.25665
986.8	0.26079
987.0	0.26499
987.2	0.26942
987.4	0.27391
987.6	0.27847
987.8	0.28293
988.0	0.28766
988.2	0.2918
988.4	0.2958
988.6	0.30033
988.8	0.30491
989.0	0.30871
989.2	0.3116
989.4	0.31482
989.6	0.31816
989.8	0.32116
990.0	0.32336
990.2	0.32554
990.4	0.32734
990.6	0.32882
990.8	0.32962
991.0	0.32991
991.2	0.32952
991.4	0.32902
991.6	0.32782
991.8	0.32606
992.0	0.32388
992.2	0.32126
992.4	0.31809
992.6	0.31463
992.8	0.31055
993.0	0.30646
993.2	0.30219
993.4	0.29785
993.6	0.29282
993.8	0.28776
994.0	0.28254
994.2	0.27742
994.4	0.27199
994.6	0.26621
994.8	0.26095
995.0	0.25546
995.2	0.25039
995.4	0.24542
995.6	0.24055
995.8	0.23587
996.0	0.2308
996.2	0.22585
996.4	0.22098
996.6	0.21631
996.8	0.21177
997.0	0.20762
997.2	0.20351
997.4	0.19952
997.6	0.195
997.8	0.1916
998.0	0.18853
998.2	0.18439
998.4	0.18053
998.6	0.17782
998.8	0.17537
999.0	0.17204
999.2	0.16864
999.4	0.1657
999.6	0.16373
999.8	0.16198
1000.0	0.15911
1000.2	0.1567
1000.4	0.15551
1000.6	0.15438
1000.8	0.15198
1001.0	0.15004
1001.2	0.14891
1001.4	0.14826
1001.6	0.14725
1001.8	0.1453
1002.0	0.14447
1002.2	0.14415
1002.4	0.14383
1002.6	0.1426
1002.8	0.14177
1003.0	0.14183
1003.2	0.14182
1003.4	0.14172
1003.6	0.1414
1003.8	0.1415
1004.0	0.14186
1004.2	0.14215
1004.4	0.14242
1004.6	0.14336
1004.8	0.14376
1005.0	0.14505
1005.2	0.15032
1005.4	0.1518
1005.6	0.15253
1005.8	0.1535
1006.0	0.15482
1006.2	0.15637
1006.4	0.15797
1006.6	0.15967
1006.8	0.16155
1007.0	0.16292
1007.2	0.16591
1007.4	0.16797
1007.6	0.17048
1007.8	0.17232
1008.0	0.17533
1008.2	0.17859
1008.4	0.18195
1008.6	0.18495
1008.8	0.1877
1009.0	0.19215
1009.2	0.19623
1009.4	0.19963
1009.6	0.20345
1009.8	0.20824
1010.0	0.21359
1010.2	0.21874
1010.4	0.22305
1010.6	0.22829
1010.8	0.23497
1011.0	0.24112
1011.2	0.24721
1011.4	0.25284
1011.6	0.26033
1011.8	0.2685
1012.0	0.27556
1012.2	0.28294
1012.4	0.29125
1012.6	0.30021
1012.8	0.3081
1013.0	0.31746
1013.2	0.32656
1013.4	0.33629
1013.6	0.34607
1013.8	0.35635
1014.0	0.36714
1014.2	0.37748
1014.4	0.38747
1014.6	0.3986
1014.8	0.41064
1015.0	0.42146
1015.2	0.43222
1015.4	0.44364
1015.6	0.45552
1015.8	0.46685
1016.0	0.47701
1016.2	0.48655
1016.4	0.49731
1016.6	0.50744
1016.8	0.51659
1017.0	0.52566
1017.2	0.53373
1017.4	0.54091
1017.6	0.54824
1017.8	0.55436
1018.0	0.56016
1018.2	0.56468
1018.4	0.56899
1018.6	0.57148
1018.8	0.5743
1019.0	0.57605
1019.2	0.57626
1019.4	0.57605
1019.6	0.57537
1019.8	0.57358
1020.0	0.57168
1020.2	0.56917
1020.4	0.56602
1020.6	0.56219
1020.8	0.55751
1021.0	0.55229
1021.2	0.54852
1021.4	0.54391
1021.6	0.53806
1021.8	0.53189
1022.0	0.52662
1022.2	0.52162
1022.4	0.51596
1022.6	0.51047
1022.8	0.50513
1023.0	0.4991
1023.2	0.49374
1023.4	0.48984
1023.6	0.48471
1023.8	0.4794
1024.0	0.4737
1024.2	0.47004
1024.4	0.46656
1024.6	0.46183
1024.8	0.45869
1025.0	0.45539
1025.2	0.45144
1025.4	0.44821
1025.6	0.4452
1025.8	0.44304
1026.0	0.44096
1026.2	0.44048
1026.4	0.43757
1026.6	0.43402
1026.8	0.43398
1027.0	0.43407
1027.2	0.43309
1027.4	0.43279
1027.6	0.43284
1027.8	0.43119
1028.0	0.43167
1028.2	0.43308
1028.4	0.4361
1028.6	0.43552
1028.8	0.43605
1029.0	0.43926
1029.2	0.44124
1029.4	0.44312
1029.6	0.44763
1029.8	0.45065
1030.0	0.45306
1030.2	0.45654
1030.4	0.46072
1030.6	0.46552
1030.8	0.47023
1031.0	0.47584
1031.2	0.4805
1031.4	0.48511
1031.6	0.49166
1031.8	0.49965
1032.0	0.50517
1032.2	0.51258
1032.4	0.51976
1032.6	0.52602
1032.8	0.53435
1033.0	0.54312
1033.2	0.55125
1033.4	0.56043
1033.6	0.5703
1033.8	0.57809
1034.0	0.58685
1034.2	0.59689
1034.4	0.60726
1034.6	0.61698
1034.8	0.62688
1035.0	0.63692
1035.2	0.64578
1035.4	0.65605
1035.6	0.66705
1035.8	0.67641
1036.0	0.68599
1036.2	0.69562
1036.4	0.70441
1036.6	0.71323
1036.8	0.7212
1037.0	0.72873
1037.2	0.73478
1037.4	0.74188
1037.6	0.74794
1037.8	0.75224
1038.0	0.75588
1038.2	0.75956
1038.4	0.76188
1038.6	0.76276
1038.8	0.76337
1039.0	0.76308
1039.2	0.76019
1039.4	0.75781
1039.6	0.7541
1039.8	0.75001
1040.0	0.7438
1040.2	0.73756
1040.4	0.7296
1040.6	0.72232
1040.8	0.71441
1041.0	0.70464
1041.2	0.69562
1041.4	0.68591
1041.6	0.67547
1041.8	0.66368
1042.0	0.65349
1042.2	0.64184
1042.4	0.6301
1042.6	0.61861
1042.8	0.60725
1043.0	0.5942
1043.2	0.58352
1043.4	0.57242
1043.6	0.56071
1043.8	0.55012
1044.0	0.53976
1044.2	0.52707
1044.4	0.51717
1044.6	0.50666
1044.8	0.49564
1045.0	0.48646
1045.2	0.47547
1045.4	0.46623
1045.6	0.45534
1045.8	0.44963
1046.0	0.44199
1046.2	0.43278
1046.4	0.42688
1046.6	0.41831
1046.8	0.4097
1047.0	0.40397
1047.2	0.39732
1047.4	0.3909
1047.6	0.38555
1047.8	0.38125
1048.0	0.37435
1048.2	0.37037
1048.4	0.36423
1048.6	0.35724
1048.8	0.35446
1049.0	0.35052
1049.2	0.34603
1049.4	0.34433
1049.6	0.33987
1049.8	0.33631
1050.0	0.33355
1050.2	0.32909
1050.4	0.32635
1050.6	0.32482
1050.8	0.32215
1051.0	0.32101
1051.2	0.32005
1051.4	0.31722
1051.6	0.31531
1051.8	0.31366
1052.0	0.3118
1052.2	0.3112
1052.4	0.31056
1052.6	0.30975
1052.8	0.30996
1053.0	0.31058
1053.2	0.30917
1053.4	0.30962
1053.6	0.30909
1053.8	0.30822
1054.0	0.31029
1054.2	0.31039
1054.4	0.31158
1054.6	0.31383
1054.8	0.31438
1055.0	0.31506
1055.2	0.31695
1055.4	0.31721
1055.6	0.31992
1055.8	0.32131
1056.0	0.32413
1056.2	0.32648
1056.4	0.32952
1056.6	0.33256
1056.8	0.33582
1057.0	0.33821
1057.2	0.34063
1057.4	0.34428
1057.6	0.34806
1057.8	0.35173
1058.0	0.35732
1058.2	0.36051
1058.4	0.36571
1058.6	0.37038
1058.8	0.37488
1059.0	0.37997
1059.2	0.38465
1059.4	0.3894
1059.6	0.3965
1059.8	0.40094
1060.0	0.40812
1060.2	0.41557
1060.4	0.42138
1060.6	0.42862
1060.8	0.43573
1061.0	0.44194
1061.2	0.45015
1061.4	0.45664
1061.6	0.46533
1061.8	0.47323
1062.0	0.48267
1062.2	0.49139
1062.4	0.50026
1062.6	0.50951
1062.8	0.5184
1063.0	0.52814
1063.2	0.53755
1063.4	0.54694
1063.6	0.55676
1063.8	0.56669
1064.0	0.57575
1064.2	0.5867
1064.4	0.59838
1064.6	0.60778
1064.8	0.61859
1065.0	0.63027
1065.2	0.63901
1065.4	0.65169
1065.6	0.65913
1065.8	0.6679
1066.0	0.67902
1066.2	0.68717
1066.4	0.69746
1066.6	0.70641
1066.8	0.71524
1067.0	0.72458
1067.2	0.7325
1067.4	0.74131
1067.6	0.75071
1067.8	0.75516
1068.0	0.76444
1068.2	0.76926
1068.4	0.77537
1068.6	0.78079
1068.8	0.78322
1069.0	0.78988
1069.2	0.79316
1069.4	0.79579
1069.6	0.80076
1069.8	0.80194
1070.0	0.80405
1070.2	0.80569
1070.4	0.8074
1070.6	0.80728
1070.8	0.80721
1071.0	0.80493
1071.2	0.80515
1071.4	0.80403
1071.6	0.8025
1071.8	0.79895
1072.0	0.79869
1072.2	0.79606
1072.4	0.79323
1072.6	0.79182
1072.8	0.78798
1073.0	0.78446
1073.2	0.78141
1073.4	0.77738
1073.6	0.77465
1073.8	0.77134
1074.0	0.76718
1074.2	0.7624
1074.4	0.75763
1074.6	0.75412
1074.8	0.7497
1075.0	0.7465
1075.2	0.74348
1075.4	0.73951
1075.6	0.73648
1075.8	0.73194
1076.0	0.72951
1076.2	0.72672
1076.4	0.72408
1076.6	0.72214
1076.8	0.71775
1077.0	0.71667
1077.2	0.7136
1077.4	0.71093
1077.6	0.70963
1077.8	0.70788
1078.0	0.70665
1078.2	0.70321
1078.4	0.70377
1078.6	0.70152
1078.8	0.70158
1079.0	0.70075
1079.2	0.70136
1079.4	0.70136
1079.6	0.70116
1079.8	0.70139
1080.0	0.70185
1080.2	0.70221
1080.4	0.70408
1080.6	0.7043
1080.8	0.70519
1081.0	0.70638
1081.2	0.70766
1081.4	0.71047
1081.6	0.7134
1081.8	0.71588
1082.0	0.71774
1082.2	0.71899
1082.4	0.72268
1082.6	0.72523
1082.8	0.72984
1083.0	0.73326
1083.2	0.73619
1083.4	0.74118
1083.6	0.74242
1083.8	0.74563
1084.0	0.74921
1084.2	0.75409
1084.4	0.75828
1084.6	0.76235
1084.8	0.76498
1085.0	0.76704
1085.2	0.77388
1085.4	0.77836
1085.6	0.78243
1085.8	0.78526
1086.0	0.78788
1086.2	0.79265
1086.4	0.79667
1086.6	0.79852
1086.8	0.80292
1087.0	0.80513
1087.2	0.80755
1087.4	0.81119
1087.6	0.81425
1087.8	0.81509
1088.0	0.81631
1088.2	0.81518
1088.4	0.81594
1088.6	0.81603
1088.8	0.81787
1089.0	0.8158
1089.2	0.81255
1089.4	0.81186
1089.6	0.80993
1089.8	0.80678
1090.0	0.80085
1090.2	0.79717
1090.4	0.7913
1090.6	0.78676
1090.8	0.78001
1091.0	0.77573
1091.2	0.76864
1091.4	0.76326
1091.6	0.75597
1091.8	0.74756
1092.0	0.74345
1092.2	0.73344
1092.4	0.72664
1092.6	0.71759
1092.8	0.70657
1093.0	0.69707
1093.2	0.68753
1093.4	0.67965
1093.6	0.66844
1093.8	0.66088
1094.0	0.65033
1094.2	0.64016
1094.4	0.62928
1094.6	0.61974
1094.8	0.60766
1095.0	0.59726
1095.2	0.58564
1095.4	0.57469
1095.6	0.56555
1095.8	0.5534
1096.0	0.54498
1096.2	0.53262
1096.4	0.5237
1096.6	0.5136
1096.8	0.50389
1097.0	0.49436
1097.2	0.48521
1097.4	0.47816
1097.6	0.46718
1097.8	0.46012
1098.0	0.45241
1098.2	0.44657
1098.4	0.43591
1098.6	0.42847
1098.8	0.42194
1099.0	0.41425
1099.2	0.40748
1099.4	0.40119
1099.6	0.39501
1099.8	0.38819
1100.0	0.38396
1100.2	0.3764
1100.4	0.37153
1100.6	0.36521
1100.8	0.36003
1101.0	0.35595
1101.2	0.34838
1101.4	0.34632
1101.6	0.34014
1101.8	0.33571
1102.0	0.33098
1102.2	0.3277
1102.4	0.32141
1102.6	0.31866
1102.8	0.31488
1103.0	0.31207
1103.2	0.3074
1103.4	0.30307
1103.6	0.30072
1103.8	0.29679
1104.0	0.29428
1104.2	0.29088
1104.4	0.28828
1104.6	0.28567
1104.8	0.28509
1105.0	0.28086
1105.2	0.2785
1105.4	0.27596
1105.6	0.27533
1105.8	0.27284
1106.0	0.27116
1106.2	0.26955
1106.4	0.26701
1106.6	0.26569
1106.8	0.26389
1107.0	0.26441
1107.2	0.26113
1107.4	0.26211
1107.6	0.2599
1107.8	0.26033
1108.0	0.25815
1108.2	0.25867
1108.4	0.25688
1108.6	0.2579
1108.8	0.25719
1109.0	0.25746
1109.2	0.25724
1109.4	0.25592
1109.6	0.25769
1109.8	0.25581
1110.0	0.25734
1110.2	0.25573
1110.4	0.25902
1110.6	0.25766
1110.8	0.2603
1111.0	0.26085
1111.2	0.26171
1111.4	0.26097
1111.6	0.26291
1111.8	0.26402
1112.0	0.26558
1112.2	0.26614
1112.4	0.26756
1112.6	0.26997
1112.8	0.27047
1113.0	0.27271
1113.2	0.27396
1113.4	0.27625
1113.6	0.27695
1113.8	0.28063
1114.0	0.28195
1114.2	0.28352
1114.4	0.28673
1114.6	0.28812
1114.8	0.29047
1115.0	0.29294
1115.2	0.29652
1115.4	0.29919
1115.6	0.302
1115.8	0.3056
1116.0	0.30668
1116.2	0.30996
1116.4	0.31222
1116.6	0.31694
1116.8	0.31922
1117.0	0.32388
1117.2	0.32624
1117.4	0.32935
1117.6	0.33054
1117.8	0.33453
1118.0	0.3374
1118.2	0.3376
1118.4	0.34301
1118.6	0.34935
1118.8	0.35031
1119.0	0.35245
1119.2	0.35483
1119.4	0.35746
1119.6	0.36115
1119.8	0.36388
1120.0	0.36612
1120.2	0.36136
1120.4	0.36976
1120.6	0.37261
1120.8	0.37583
1121.0	0.381
1121.2	0.38253
1121.4	0.38407
1121.6	0.38561
1121.8	0.38716
1122.0	0.38867
1122.2	0.38843
1122.4	0.38819
1122.6	0.38795
1122.8	0.38771
1123.0	0.38745
1123.2	0.38603
1123.4	0.38462
1123.6	0.38321
1123.8	0.38181
1124.0	0.38039
1124.2	0.37735
1124.4	0.37434
1124.6	0.37135
1124.8	0.36838
1125.0	0.36543
1125.2	0.36114
1125.4	0.35689
1125.6	0.35269
1125.8	0.34854
1126.0	0.34439
1126.2	0.33938
1126.4	0.33444
1126.6	0.32957
1126.8	0.32477
1127.0	0.32002
1127.2	0.31495
1127.4	0.30997
1127.6	0.30506
1127.8	0.30023
1128.0	0.29544
1128.2	0.28988
1128.4	0.28442
1128.6	0.27907
1128.8	0.27381
1129.0	0.26866
1129.2	0.26378
1129.4	0.25898
1129.6	0.25427
1129.8	0.24964
1130.0	0.24511
1130.2	0.2408
1130.4	0.23657
1130.6	0.23242
1130.8	0.22834
1131.0	0.22433
1131.2	0.2202
1131.4	0.21615
1131.6	0.21218
1131.8	0.20828
1132.0	0.20445
1132.2	0.20078
1132.4	0.19718
1132.6	0.19364
1132.8	0.19016
1133.0	0.18674
1133.2	0.18328
1133.4	0.17988
1133.6	0.17654
1133.8	0.17326
1134.0	0.17006
1134.2	0.16721
1134.4	0.16441
1134.6	0.16166
1134.8	0.15895
1135.0	0.15631
1135.2	0.15432
1135.4	0.15236
1135.6	0.15043
1135.8	0.14852
1136.0	0.14662
1136.2	0.14449
1136.4	0.14239
1136.6	0.14032
1136.8	0.13828
1137.0	0.13629
1137.2	0.13486
1137.4	0.13344
1137.6	0.13203
1137.8	0.13064
1138.0	0.12927
1138.2	0.12792
1138.4	0.12658
1138.6	0.12526
1138.8	0.12395
1139.0	0.12265
1139.2	0.12137
1139.4	0.1201
1139.6	0.11885
1139.8	0.1176
1140.0	0.11639
1140.2	0.11549
1140.4	0.11459
1140.6	0.11371
1140.8	0.11283
1141.0	0.11198
1141.2	0.11148
1141.4	0.11099
1141.6	0.1105
1141.8	0.11002
1142.0	0.10953
1142.2	0.10916
1142.4	0.10879
1142.6	0.10842
1142.8	0.10806
1143.0	0.10769
1143.2	0.10741
1143.4	0.10713
1143.6	0.10685
1143.8	0.10657
1144.0	0.10629
1144.2	0.10597
1144.4	0.10565
1144.6	0.10533
1144.8	0.10502
1145.0	0.10471
1145.2	0.10481
1145.4	0.10491
1145.6	0.10502
1145.8	0.10512
1146.0	0.10523
1146.2	0.10553
1146.4	0.10584
1146.6	0.10615
1146.8	0.10647
1147.0	0.10678
1147.2	0.10704
1147.4	0.1073
1147.6	0.10756
1147.8	0.10782
1148.0	0.10809
1148.2	0.10861
1148.4	0.10912
1148.6	0.10964
1148.8	0.11017
1149.0	0.1107
1149.2	0.11145
1149.4	0.1122
1149.6	0.11296
1149.8	0.11373
1150.0	0.1145
1150.2	0.11536
1150.4	0.11622
1150.6	0.11709
1150.8	0.11797
1151.0	0.11885
1151.2	0.11989
1151.4	0.12093
1151.6	0.12198
1151.8	0.12304
1152.0	0.12411
1152.2	0.12529
1152.4	0.12648
1152.6	0.12768
1152.8	0.1289
1153.0	0.13013
1153.2	0.13169
1153.4	0.13328
1153.6	0.13488
1153.8	0.1365
1154.0	0.13814
1154.2	0.13991
1154.4	0.1417
1154.6	0.14352
1154.8	0.14536
1155.0	0.14722
1155.2	0.14885
1155.4	0.1505
1155.6	0.15217
1155.8	0.15386
1156.0	0.15559
1156.2	0.15785
1156.4	0.16014
1156.6	0.16247
1156.8	0.16483
1157.0	0.16722
1157.2	0.16952
1157.4	0.17184
1157.6	0.1742
1157.8	0.17659
1158.0	0.17901
1158.2	0.18109
1158.4	0.1832
1158.6	0.18533
1158.8	0.18749
1159.0	0.1897
1159.2	0.19261
1159.4	0.19557
1159.6	0.19857
1159.8	0.20162
1160.0	0.20468
1160.2	0.20704
1160.4	0.20943
1160.6	0.21184
1160.8	0.21428
1161.0	0.21674
1161.2	0.21877
1161.4	0.22081
1161.6	0.22287
1161.8	0.22496
1162.0	0.22708
1162.2	0.22977
1162.4	0.23249
1162.6	0.23525
1162.8	0.23803
1163.0	0.24082
1163.2	0.24154
1163.4	0.24226
1163.6	0.24298
1163.8	0.2437
1164.0	0.24446
1164.2	0.24601
1164.4	0.24756
1164.6	0.24913
1164.8	0.25071
1165.0	0.2523
1165.2	0.25261
1165.4	0.25293
1165.6	0.25325
1165.8	0.25357
1166.0	0.25386
1166.2	0.2531
1166.4	0.25234
1166.6	0.25158
1166.8	0.25083
1167.0	0.25011
1167.2	0.25014
1167.4	0.25018
1167.6	0.25021
1167.8	0.25025
1168.0	0.25023
1168.2	0.24767
1168.4	0.24514
1168.6	0.24264
1168.8	0.24016
1169.0	0.23777
1169.2	0.23696
1169.4	0.23615
1169.6	0.23534
1169.8	0.23454
1170.0	0.23371
1170.2	0.23093
1170.4	0.22819
1170.6	0.22547
1170.8	0.22279
1171.0	0.22019
1171.2	0.2188
1171.4	0.21743
1171.6	0.21606
1171.8	0.21471
1172.0	0.21335
1172.2	0.21114
1172.4	0.20895
1172.6	0.20679
1172.8	0.20464
1173.0	0.20254
1173.2	0.20091
1173.4	0.19929
1173.6	0.19769
1173.8	0.1961
1174.0	0.19452
1174.2	0.19251
1174.4	0.19051
1174.6	0.18854
1174.8	0.18659
1175.0	0.18469
1175.2	0.18378
1175.4	0.18286
1175.6	0.18195
1175.8	0.18105
1176.0	0.18015
1176.2	0.17836
1176.4	0.1766
1176.6	0.17485
1176.8	0.17312
1177.0	0.17145
1177.2	0.17108
1177.4	0.17071
1177.6	0.17033
1177.8	0.16997
1178.0	0.16959
1178.2	0.16792
1178.4	0.16626
1178.6	0.16462
1178.8	0.163
1179.0	0.16145
1179.2	0.16168
1179.4	0.16191
1179.6	0.16214
1179.8	0.16237
1180.0	0.16259
1180.2	0.16132
1180.4	0.16007
1180.6	0.15882
1180.8	0.15758
1181.0	0.1564
1181.2	0.15687
1181.4	0.15735
1181.6	0.15782
1181.8	0.1583
1182.0	0.15878
1182.2	0.15855
1182.4	0.15831
1182.6	0.15808
1182.8	0.15786
1183.0	0.15763
1183.2	0.15762
1183.4	0.15761
1183.6	0.1576
1183.8	0.15759
1184.0	0.1576
1184.2	0.15853
1184.4	0.15948
1184.6	0.16042
1184.8	0.16138
1185.0	0.16229
1185.2	0.16198
1185.4	0.16166
1185.6	0.16135
1185.8	0.16104
1186.0	0.16075
1186.2	0.162
1186.4	0.16326
1186.6	0.16452
1186.8	0.1658
1187.0	0.16707
1187.2	0.16793
1187.4	0.16879
1187.6	0.16966
1187.8	0.17053
1188.0	0.1714
1188.2	0.17226
1188.4	0.17313
1188.6	0.174
1188.8	0.17487
1189.0	0.1758
1189.2	0.17784
1189.4	0.1799
1189.6	0.18199
1189.8	0.1841
1190.0	0.1862
1190.2	0.18687
1190.4	0.18755
1190.6	0.18823
1190.8	0.18891
1191.0	0.1896
1191.2	0.1918
1191.4	0.19403
1191.6	0.19628
1191.8	0.19856
1192.0	0.20086
1192.2	0.2029
1192.4	0.20496
1192.6	0.20704
1192.8	0.20914
1193.0	0.21125
1193.2	0.21276
1193.4	0.21428
1193.6	0.21581
1193.8	0.21735
1194.0	0.21896
1194.2	0.22202
1194.4	0.22512
1194.6	0.22827
1194.8	0.23146
1195.0	0.23468
1195.2	0.23673
1195.4	0.2388
1195.6	0.24089
1195.8	0.243
1196.0	0.24512
1196.2	0.24702
1196.4	0.24894
1196.6	0.25088
1196.8	0.25283
1197.0	0.25482
1197.2	0.25813
1197.4	0.26147
1197.6	0.26486
1197.8	0.26829
1198.0	0.27169
1198.2	0.27346
1198.4	0.27525
1198.6	0.27704
1198.8	0.27885
1199.0	0.28066
1199.2	0.28255
1199.4	0.28446
1199.6	0.28637
1199.8	0.2883
1200.0	0.29024
