Typical Measured Spectrum of Semrock FF01-479/585 Optical Filter	
For wavelengths between 320 and 1120 nm, values near or below 3e-7 (Optical Density 6.5) are measurement noise limited.
For wavelengths < 320 nm and > 1120 nm, values near or below 3e-6 (Optical Density 5.5) are measurement noise limited. 
Data format:  Wavelength (nm) <tab> Transmission (0 to 1)
300.0	4.0481e-07
300.2	4.7584e-07
300.4	5.5933e-07
300.6	6.5747e-07
300.8	7.7284e-07
301.0	9.0844e-07
301.2	1.0678e-06
301.4	1.2552e-06
301.6	1.4754e-06
301.8	1.7343e-06
302.0	1.4209e-06
302.2	1.1281e-06
302.4	8.9564e-07
302.6	7.1109e-07
302.8	5.6457e-07
303.0	4.4823e-07
303.2	3.5587e-07
303.4	2.8254e-07
303.6	2.2432e-07
303.8	1.781e-07
304.0	1.6627e-07
304.2	1.6455e-07
304.4	1.6286e-07
304.6	1.6118e-07
304.8	1.5952e-07
305.0	1.5788e-07
305.2	1.5625e-07
305.4	1.5464e-07
305.6	1.5305e-07
305.8	1.5147e-07
306.0	1.5024e-07
306.2	1.4928e-07
306.4	1.4833e-07
306.6	1.4739e-07
306.8	1.4645e-07
307.0	1.4551e-07
307.2	1.4459e-07
307.4	1.4366e-07
307.6	1.4275e-07
307.8	1.4184e-07
308.0	1.5182e-07
308.2	1.8444e-07
308.4	2.2407e-07
308.6	2.7222e-07
308.8	3.3071e-07
309.0	4.0177e-07
309.2	4.8809e-07
309.4	5.9297e-07
309.6	7.2038e-07
309.8	8.7517e-07
310.0	1.0225e-06
310.2	8.239e-07
310.4	6.6384e-07
310.6	5.3488e-07
310.8	4.3098e-07
311.0	3.4725e-07
311.2	2.7979e-07
311.4	2.2544e-07
311.6	1.8165e-07
311.8	1.4636e-07
312.0	1.7662e-07
312.2	2.1922e-07
312.4	2.7209e-07
312.6	3.3771e-07
312.8	4.1916e-07
313.0	5.2024e-07
313.2	6.4571e-07
313.4	8.0144e-07
313.6	9.9472e-07
313.8	1.2346e-06
314.0	1.3455e-06
314.2	1.4059e-06
314.4	1.4689e-06
314.6	1.5348e-06
314.8	1.6036e-06
315.0	1.6754e-06
315.2	1.7506e-06
315.4	1.829e-06
315.6	1.911e-06
315.8	1.9967e-06
316.0	1.9637e-06
316.2	1.8468e-06
316.4	1.7368e-06
316.6	1.6334e-06
316.8	1.5362e-06
317.0	1.4447e-06
317.2	1.3587e-06
317.4	1.2778e-06
317.6	1.2017e-06
317.8	1.1301e-06
318.0	1.0086e-06
318.2	8.3196e-07
318.4	6.8629e-07
318.6	5.6612e-07
318.8	4.67e-07
319.0	3.8523e-07
319.2	3.1778e-07
319.4	2.6214e-07
319.6	2.1624e-07
319.8	1.7838e-07
320.0	1.534e-07
320.2	1.8481e-07
320.4	2.2266e-07
320.6	2.6825e-07
320.8	3.2317e-07
321.0	3.8935e-07
321.2	4.6907e-07
321.4	5.6512e-07
321.6	6.8083e-07
321.8	8.2024e-07
322.0	6.915e-07
322.2	5.6868e-07
322.4	4.6767e-07
322.6	3.846e-07
322.8	3.1629e-07
323.0	2.6011e-07
323.2	2.1391e-07
323.4	1.7592e-07
323.6	1.4467e-07
323.8	1.1897e-07
324.0	1.1188e-07
324.2	1.099e-07
324.4	1.0795e-07
324.6	1.0603e-07
324.8	1.0414e-07
325.0	1.0229e-07
325.2	1.0048e-07
325.4	9.8693e-08
325.6	9.694e-08
325.8	9.5219e-08
326.0	9.3879e-08
326.2	9.281e-08
326.4	9.1753e-08
326.6	9.0708e-08
326.8	8.9675e-08
327.0	8.8654e-08
327.2	8.7644e-08
327.4	8.6646e-08
327.6	8.5659e-08
327.8	8.4684e-08
328.0	8.4062e-08
328.2	8.3939e-08
328.4	8.3816e-08
328.6	8.3693e-08
328.8	8.357e-08
329.0	8.3447e-08
329.2	8.3324e-08
329.4	8.3202e-08
329.6	8.308e-08
329.8	8.2958e-08
330.0	8.4083e-08
330.2	9.5091e-08
330.4	1.0754e-07
330.6	1.2162e-07
330.8	1.3754e-07
331.0	1.5555e-07
331.2	1.7592e-07
331.4	1.9895e-07
331.6	2.2499e-07
331.8	2.5445e-07
332.0	2.7155e-07
332.2	2.8843e-07
332.4	3.0636e-07
332.6	3.2541e-07
332.8	3.4564e-07
333.0	3.6713e-07
333.2	3.8996e-07
333.4	4.1421e-07
333.6	4.3996e-07
333.8	4.6732e-07
334.0	4.035e-07
334.2	3.2574e-07
334.4	2.6297e-07
334.6	2.123e-07
334.8	1.7139e-07
335.0	1.3836e-07
335.2	1.117e-07
335.4	9.0173e-08
335.6	7.2797e-08
335.8	5.8769e-08
336.0	5.7879e-08
336.2	6.5636e-08
336.4	7.4432e-08
336.6	8.4408e-08
336.8	9.5721e-08
337.0	1.0855e-07
337.2	1.231e-07
337.4	1.396e-07
337.6	1.583e-07
337.8	1.7952e-07
338.0	1.8494e-07
338.2	1.6641e-07
338.4	1.4974e-07
338.6	1.3473e-07
338.8	1.2123e-07
339.0	1.0908e-07
339.2	9.8153e-08
339.4	8.8317e-08
339.6	7.9468e-08
339.8	7.1505e-08
340.0	6.4759e-08
340.2	6.1378e-08
340.4	5.8173e-08
340.6	5.5135e-08
340.8	5.2257e-08
341.0	4.9528e-08
341.2	4.6942e-08
341.4	4.4491e-08
341.6	4.2168e-08
341.8	3.9966e-08
342.0	3.9553e-08
342.2	3.9281e-08
342.4	3.9011e-08
342.6	3.8743e-08
342.8	3.8477e-08
343.0	3.8213e-08
343.2	3.795e-08
343.4	3.769e-08
343.6	3.7431e-08
343.8	3.7174e-08
344.0	3.6954e-08
344.2	3.6746e-08
344.4	3.654e-08
344.6	3.6336e-08
344.8	3.6132e-08
345.0	3.5929e-08
345.2	3.5728e-08
345.4	3.5528e-08
345.6	3.5328e-08
345.8	3.513e-08
346.0	3.5064e-08
346.2	3.5089e-08
346.4	3.5114e-08
346.6	3.5139e-08
346.8	3.5164e-08
347.0	3.5189e-08
347.2	3.5214e-08
347.4	3.5239e-08
347.6	3.5264e-08
347.8	3.5289e-08
348.0	3.9929e-08
348.2	5.3167e-08
348.4	7.0794e-08
348.6	9.4266e-08
348.8	1.2552e-07
349.0	1.6714e-07
349.2	2.2255e-07
349.4	2.9634e-07
349.6	3.9459e-07
349.8	5.2541e-07
350.0	6.7596e-07
350.2	6.9766e-07
350.4	7.2006e-07
350.6	7.4318e-07
350.8	7.6704e-07
351.0	7.9167e-07
351.2	8.1709e-07
351.4	8.4332e-07
351.6	8.704e-07
351.8	8.9834e-07
352.0	6.8089e-07
352.2	5.0056e-07
352.4	3.6799e-07
352.6	2.7053e-07
352.8	1.9888e-07
353.0	1.462e-07
353.2	1.0748e-07
353.4	7.9016e-08
353.6	5.8089e-08
353.8	4.2704e-08
354.0	4.6428e-08
354.2	5.7508e-08
354.4	7.1233e-08
354.6	8.8233e-08
354.8	1.0e-07
355.0	1.0e-07
355.2	1.0e-07
355.4	1.0e-07
355.6	1.0e-07
355.8	1.0e-07
356.0	1.0e-07
356.2	1.0e-07
356.4	1.0e-07
356.6	1.0e-07
356.8	1.0e-07
357.0	1.0e-07
357.2	1.0e-07
357.4	1.0e-07
357.6	1.0e-07
357.8	1.0e-07
358.0	1.0e-07
358.2	1.0e-07
358.4	1.0e-07
358.6	1.0e-07
358.8	1.0e-07
359.0	1.0e-07
359.2	1.0e-07
359.4	1.0e-07
359.6	1.0e-07
359.8	1.0581e-07
360.0	1.1294e-07
360.2	1.2056e-07
360.4	1.2869e-07
360.6	1.3738e-07
360.8	1.4664e-07
361.0	1.5653e-07
361.2	1.6709e-07
361.4	1.7836e-07
361.6	1.904e-07
361.8	1.813e-07
362.0	1.6984e-07
362.2	1.5911e-07
362.4	1.4906e-07
362.6	1.3964e-07
362.8	1.3081e-07
363.0	1.2255e-07
363.2	1.148e-07
363.4	1.0755e-07
363.6	1.0075e-07
363.8	1.0757e-07
364.0	1.168e-07
364.2	1.2683e-07
364.4	1.3772e-07
364.6	1.4955e-07
364.8	1.6239e-07
365.0	1.7633e-07
365.2	1.9147e-07
365.4	2.0791e-07
365.6	2.2576e-07
365.8	1.8609e-07
366.0	1.4855e-07
366.2	1.1858e-07
366.4	9.4656e-08
366.6	7.5559e-08
366.8	6.0315e-08
367.0	4.8147e-08
367.2	3.8433e-08
367.4	3.068e-08
367.6	2.449e-08
367.8	2.7293e-08
368.0	3.1487e-08
368.2	3.6326e-08
368.4	4.1909e-08
368.6	4.8349e-08
368.8	5.5779e-08
369.0	6.4351e-08
369.2	7.4241e-08
369.4	8.565e-08
369.6	9.8813e-08
369.8	9.5404e-08
370.0	9.063e-08
370.2	8.6095e-08
370.4	8.1787e-08
370.6	7.7694e-08
370.8	7.3806e-08
371.0	7.0113e-08
371.2	6.6605e-08
371.4	6.3272e-08
371.6	6.0106e-08
371.8	7.1729e-08
372.0	8.7156e-08
372.2	1.059e-07
372.4	1.2868e-07
372.6	1.5635e-07
372.8	1.8998e-07
373.0	2.3084e-07
373.2	2.8049e-07
373.4	3.4081e-07
373.6	4.1411e-07
373.8	3.978e-07
374.0	3.7615e-07
374.2	3.5569e-07
374.4	3.3633e-07
374.6	3.1803e-07
374.8	3.0072e-07
375.0	2.8436e-07
375.2	2.6889e-07
375.4	2.5426e-07
375.6	2.4042e-07
375.8	2.3604e-07
376.0	2.3222e-07
376.2	2.2846e-07
376.4	2.2477e-07
376.6	2.2113e-07
376.8	2.1755e-07
377.0	2.1403e-07
377.2	2.1057e-07
377.4	2.0716e-07
377.6	2.0381e-07
377.8	1.773e-07
378.0	1.534e-07
378.2	1.3272e-07
378.4	1.1483e-07
378.6	9.9352e-08
378.8	8.596e-08
379.0	7.4373e-08
379.2	6.4348e-08
379.4	5.5674e-08
379.6	4.817e-08
379.8	5.0619e-08
380.0	5.3534e-08
380.2	5.6616e-08
380.4	5.9875e-08
380.6	6.3322e-08
380.8	6.6968e-08
381.0	7.0823e-08
381.2	7.4901e-08
381.4	7.9213e-08
381.6	8.3773e-08
381.8	8.5331e-08
382.0	8.6847e-08
382.2	8.8389e-08
382.4	8.9959e-08
382.6	9.1556e-08
382.8	9.3182e-08
383.0	9.4837e-08
383.2	9.6522e-08
383.4	9.8236e-08
383.6	9.9981e-08
383.8	9.958e-08
384.0	9.9158e-08
384.2	9.8737e-08
384.4	9.8318e-08
384.6	9.7901e-08
384.8	9.7486e-08
385.0	9.7072e-08
385.2	9.666e-08
385.4	9.625e-08
385.6	9.5842e-08
385.8	9.6249e-08
386.0	9.666e-08
386.2	9.7071e-08
386.4	9.7485e-08
386.6	9.79e-08
386.8	9.8318e-08
387.0	9.8737e-08
387.2	9.9157e-08
387.4	9.958e-08
387.6	1.0e-07
387.8	1.0e-07
388.0	1.0e-07
388.2	1.0e-07
388.4	1.0e-07
388.6	1.0e-07
388.8	1.0e-07
389.0	1.0e-07
389.2	1.0e-07
389.4	1.0e-07
389.6	1.0019e-07
389.8	1.1039e-07
390.0	1.2163e-07
390.2	1.3402e-07
390.4	1.4766e-07
390.6	1.6269e-07
390.8	1.7926e-07
391.0	1.9751e-07
391.2	2.1761e-07
391.4	2.3977e-07
391.6	2.6149e-07
391.8	2.0569e-07
392.0	1.618e-07
392.2	1.2728e-07
392.4	1.0012e-07
392.6	7.8756e-08
392.8	6.1952e-08
393.0	4.8733e-08
393.2	3.8334e-08
393.4	3.0155e-08
393.6	2.4061e-08
393.8	2.6857e-08
394.0	2.9978e-08
394.2	3.3462e-08
394.4	3.735e-08
394.6	4.169e-08
394.8	4.6535e-08
395.0	5.1942e-08
395.2	5.7978e-08
395.4	6.4716e-08
395.6	7.1831e-08
395.8	7.1832e-08
396.0	7.1832e-08
396.2	7.1833e-08
396.4	7.1833e-08
396.6	7.1834e-08
396.8	7.1834e-08
397.0	7.1835e-08
397.2	7.1835e-08
397.4	7.1836e-08
397.6	7.2211e-08
397.8	7.8601e-08
398.0	8.5556e-08
398.2	9.3126e-08
398.4	1.0137e-07
398.6	1.1034e-07
398.8	1.201e-07
399.0	1.3072e-07
399.2	1.4229e-07
399.4	1.5488e-07
399.6	1.6633e-07
399.8	1.5004e-07
400.0	1.3534e-07
400.2	1.2209e-07
400.4	1.1013e-07
400.6	9.9346e-08
400.8	8.9616e-08
401.0	8.0839e-08
401.2	7.2922e-08
401.4	6.5781e-08
401.6	6.0352e-08
401.8	6.6902e-08
402.0	7.4164e-08
402.2	8.2213e-08
402.4	9.1136e-08
402.6	1.0103e-07
402.8	1.1199e-07
403.0	1.2415e-07
403.2	1.3762e-07
403.4	1.5256e-07
403.6	1.6671e-07
403.8	1.5832e-07
404.0	1.5035e-07
404.2	1.4279e-07
404.4	1.356e-07
404.6	1.2877e-07
404.8	1.2229e-07
405.0	1.1614e-07
405.2	1.1029e-07
405.4	1.0474e-07
405.6	1.0095e-07
405.8	1.107e-07
406.0	1.2139e-07
406.2	1.3312e-07
406.4	1.4597e-07
406.6	1.6007e-07
406.8	1.7553e-07
407.0	1.9248e-07
407.2	2.1107e-07
407.4	2.3145e-07
407.6	2.4264e-07
407.8	1.7889e-07
408.0	1.3189e-07
408.2	9.724e-08
408.4	7.1692e-08
408.6	5.2856e-08
408.8	3.8969e-08
409.0	2.8731e-08
409.2	2.1182e-08
409.4	1.5617e-08
409.6	1.2196e-08
409.8	1.4329e-08
410.0	1.6834e-08
410.2	1.9778e-08
410.4	2.3236e-08
410.6	2.7298e-08
410.8	3.2071e-08
411.0	3.7679e-08
411.2	4.4266e-08
411.4	5.2006e-08
411.6	5.994e-08
411.8	6.1042e-08
412.0	6.2164e-08
412.2	6.3307e-08
412.4	6.4471e-08
412.6	6.5656e-08
412.8	6.6863e-08
413.0	6.8092e-08
413.2	6.9344e-08
413.4	7.0618e-08
413.6	7.1013e-08
413.8	6.6251e-08
414.0	6.1808e-08
414.2	5.7664e-08
414.4	5.3797e-08
414.6	5.019e-08
414.8	4.6824e-08
415.0	4.3684e-08
415.2	4.0755e-08
415.4	3.8022e-08
415.6	3.6404e-08
415.8	4.0156e-08
416.0	4.4296e-08
416.2	4.8862e-08
416.4	5.3898e-08
416.6	5.9454e-08
416.8	6.5583e-08
417.0	7.2343e-08
417.2	7.98e-08
417.4	8.8026e-08
417.6	9.5612e-08
417.8	9.6049e-08
418.0	9.6489e-08
418.2	9.6931e-08
418.4	9.7375e-08
418.6	9.782e-08
418.8	9.8268e-08
419.0	9.8718e-08
419.2	9.917e-08
419.4	9.9624e-08
419.6	1.0194e-07
419.8	1.1373e-07
420.0	1.2689e-07
420.2	1.4158e-07
420.4	1.5796e-07
420.6	1.7624e-07
420.8	1.9663e-07
421.0	2.1938e-07
421.2	2.4476e-07
421.4	2.7309e-07
421.6	2.9493e-07
421.8	2.7621e-07
422.0	2.5868e-07
422.2	2.4227e-07
422.4	2.2689e-07
422.6	2.1249e-07
422.8	1.99e-07
423.0	1.8637e-07
423.2	1.7454e-07
423.4	1.6346e-07
423.6	1.5571e-07
423.8	1.5898e-07
424.0	1.6232e-07
424.2	1.6573e-07
424.4	1.6921e-07
424.6	1.7277e-07
424.8	1.764e-07
425.0	1.8011e-07
425.2	1.839e-07
425.4	1.8776e-07
425.6	1.9135e-07
425.8	1.9361e-07
426.0	1.959e-07
426.2	1.9822e-07
426.4	2.0057e-07
426.6	2.0294e-07
426.8	2.0534e-07
427.0	2.0777e-07
427.2	2.1022e-07
427.4	2.1271e-07
427.6	2.1413e-07
427.8	2.1162e-07
428.0	2.0913e-07
428.2	2.0667e-07
428.4	2.0425e-07
428.6	2.0185e-07
428.8	1.9948e-07
429.0	1.9713e-07
429.2	1.9482e-07
429.4	1.9253e-07
429.6	1.8657e-07
429.8	1.6911e-07
430.0	1.5329e-07
430.2	1.3895e-07
430.4	1.2595e-07
430.6	1.1417e-07
430.8	1.0349e-07
431.0	9.3806e-08
431.2	8.503e-08
431.4	7.7075e-08
431.6	7.2387e-08
431.8	7.6182e-08
432.0	8.0176e-08
432.2	8.4378e-08
432.4	8.8802e-08
432.6	9.3457e-08
432.8	9.8356e-08
433.0	1.0351e-07
433.2	1.0894e-07
433.4	1.1465e-07
433.6	1.1711e-07
433.8	1.0926e-07
434.0	1.0193e-07
434.2	9.5095e-08
434.4	8.8719e-08
434.6	8.277e-08
434.8	7.722e-08
435.0	7.2043e-08
435.2	6.7212e-08
435.4	4.9502e-08
435.6	2.7467e-08
435.8	2.7399e-08
436.0	2.7331e-08
436.2	2.728e-08
436.4	2.7242e-08
436.6	3.6215e-08
436.8	6.8299e-08
437.0	1.2881e-07
437.2	1.5283e-07
437.4	1.7417e-07
437.6	1.4932e-07
437.8	8.2024e-08
438.0	5.8255e-08
438.2	7.645e-08
438.4	1.0033e-07
438.6	8.6536e-08
438.8	6.5611e-08
439.0	6.4798e-08
439.2	1.4781e-07
439.4	2.8769e-07
439.6	2.6508e-07
439.8	2.4424e-07
440.0	1.3478e-07
440.2	5.6434e-08
440.4	2.7928e-08
440.6	4.7074e-08
440.8	7.8837e-08
441.0	9.6267e-08
441.2	1.1755e-07
441.4	1.387e-07
441.6	1.5804e-07
441.8	1.8006e-07
442.0	7.4068e-08
442.2	2.9362e-08
442.4	4.1232e-08
442.6	7.1137e-08
442.8	1.0243e-07
443.0	1.0216e-07
443.2	1.019e-07
443.4	1.3879e-07
443.6	2.0385e-07
443.8	1.2435e-07
444.0	5.2056e-08
444.2	2.5256e-08
444.4	2.5183e-08
444.6	2.5111e-08
444.8	2.5064e-08
445.0	2.5032e-08
445.2	3.3597e-08
445.4	5.8004e-08
445.6	9.9561e-08
445.8	1.1659e-07
446.0	1.3653e-07
446.2	1.534e-07
446.4	1.6512e-07
446.6	1.5659e-07
446.8	1.2512e-07
447.0	9.9974e-08
447.2	1.1259e-07
447.4	1.3173e-07
447.6	1.198e-07
447.8	7.0957e-08
448.0	4.8247e-08
448.2	4.8107e-08
448.4	4.7967e-08
448.6	6.9012e-08
448.8	1.1295e-07
449.0	1.7725e-07
449.2	2.3752e-07
449.4	2.9992e-07
449.6	2.3406e-07
449.8	1.8266e-07
450.0	1.5206e-07
450.2	1.3266e-07
450.4	1.118e-07
450.6	5.2045e-08
450.8	2.4228e-08
451.0	6.5353e-08
451.2	1.9527e-07
451.4	3.343e-07
451.6	2.6526e-07
451.8	2.1047e-07
452.0	2.2375e-07
452.2	2.4616e-07
452.4	1.1405e-07
452.6	4.3982e-08
452.8	2.8417e-08
453.0	6.1206e-08
453.2	1.3183e-07
453.4	2.0191e-07
453.6	2.8011e-07
453.8	3.9997e-07
454.0	5.793e-07
454.2	8.4087e-07
454.4	1.2365e-06
454.6	1.8182e-06
454.8	2.6456e-06
455.0	3.8246e-06
455.2	5.5897e-06
455.4	8.2571e-06
455.6	1.2197e-05
455.8	1.952e-05
456.0	3.1289e-05
456.2	5.2415e-05
456.4	9.2572e-05
456.6	1.5241e-04
456.8	2.6045e-04
457.0	4.5589e-04
457.2	8.2118e-04
457.4	0.00159
457.6	0.00317
457.8	0.00675
458.0	0.01634
458.2	0.03623
458.4	0.08164
458.6	0.17505
458.8	0.32331
459.0	0.49729
459.2	0.64792
459.4	0.75965
459.6	0.83898
459.8	0.88039
460.0	0.89411
460.2	0.8896
460.4	0.88012
460.6	0.87474
460.8	0.87884
461.0	0.88846
461.2	0.90246
461.4	0.91736
461.6	0.93155
461.8	0.94166
462.0	0.94859
462.2	0.95227
462.4	0.95267
462.6	0.95109
462.8	0.95056
463.0	0.94926
463.2	0.94888
463.4	0.94858
463.6	0.94917
463.8	0.94864
464.0	0.94772
464.2	0.94573
464.4	0.94421
464.6	0.94322
464.8	0.94176
465.0	0.94247
465.2	0.94376
465.4	0.94573
465.6	0.94869
465.8	0.95207
466.0	0.95494
466.2	0.95784
466.4	0.96034
466.6	0.96377
466.8	0.96593
467.0	0.96698
467.2	0.96962
467.4	0.97018
467.6	0.97208
467.8	0.97226
468.0	0.97283
468.2	0.97236
468.4	0.97221
468.6	0.96978
468.8	0.96742
469.0	0.96345
469.2	0.95935
469.4	0.95333
469.6	0.9462
469.8	0.93984
470.0	0.9338
470.2	0.92903
470.4	0.92573
470.6	0.92364
470.8	0.92447
471.0	0.92663
471.2	0.93077
471.4	0.93751
471.6	0.94447
471.8	0.9537
472.0	0.96273
472.2	0.97103
472.4	0.97828
472.6	0.98401
472.8	0.98697
473.0	0.98765
473.2	0.98639
473.4	0.98224
473.6	0.97705
473.8	0.96914
474.0	0.96275
474.2	0.95549
474.4	0.95037
474.6	0.94624
474.8	0.94433
475.0	0.94369
475.2	0.94594
475.4	0.94828
475.6	0.9528
475.8	0.959
476.0	0.96541
476.2	0.97164
476.4	0.97766
476.6	0.98234
476.8	0.98532
477.0	0.9852
477.2	0.98423
477.4	0.9822
477.6	0.97794
477.8	0.97401
478.0	0.9696
478.2	0.96534
478.4	0.96119
478.6	0.96018
478.8	0.95882
479.0	0.9592
479.2	0.96214
479.4	0.96456
479.6	0.9683
479.8	0.97279
480.0	0.9771
480.2	0.98052
480.4	0.98306
480.6	0.98278
480.8	0.98246
481.0	0.98007
481.2	0.97729
481.4	0.97346
481.6	0.96942
481.8	0.96558
482.0	0.96155
482.2	0.95855
482.4	0.9576
482.6	0.95759
482.8	0.95877
483.0	0.96012
483.2	0.96389
483.4	0.96774
483.6	0.97148
483.8	0.97537
484.0	0.9786
484.2	0.98024
484.4	0.98049
484.6	0.9797
484.8	0.97849
485.0	0.97686
485.2	0.97327
485.4	0.96986
485.6	0.96761
485.8	0.96616
486.0	0.9647
486.2	0.9638
486.4	0.96403
486.6	0.96447
486.8	0.96499
487.0	0.96572
487.2	0.967
487.4	0.96699
487.6	0.96567
487.8	0.96421
488.0	0.96199
488.2	0.95989
488.4	0.95694
488.6	0.9546
488.8	0.95246
489.0	0.95218
489.2	0.95245
489.4	0.95404
489.6	0.95811
489.8	0.96276
490.0	0.96825
490.2	0.97428
490.4	0.97874
490.6	0.98337
490.8	0.98503
491.0	0.98577
491.2	0.98517
491.4	0.98188
491.6	0.97809
491.8	0.97396
492.0	0.96944
492.2	0.96544
492.4	0.96226
492.6	0.95905
492.8	0.95724
493.0	0.95585
493.2	0.95498
493.4	0.95251
493.6	0.95026
493.8	0.94674
494.0	0.94257
494.2	0.93929
494.4	0.93629
494.6	0.9344
494.8	0.93484
495.0	0.93644
495.2	0.93975
495.4	0.94396
495.6	0.947
495.8	0.94939
496.0	0.95026
496.2	0.95115
496.4	0.95276
496.6	0.95448
496.8	0.95819
497.0	0.96089
497.2	0.95749
497.4	0.94628
497.6	0.92513
497.8	0.89913
498.0	0.87588
498.2	0.84456
498.4	0.74295
498.6	0.51185
498.8	0.25502
499.0	0.10608
499.2	0.03622
499.4	0.01519
499.6	0.00686
499.8	0.0033
500.0	0.00171
500.2	9.6873e-04
500.4	5.7751e-04
500.6	3.0992e-04
500.8	1.4085e-04
501.0	8.1254e-05
501.2	4.8673e-05
501.4	3.0209e-05
501.6	1.8966e-05
501.8	1.2101e-05
502.0	7.7208e-06
502.2	5.1256e-06
502.4	3.4556e-06
502.6	2.3659e-06
502.8	1.7229e-06
503.0	1.2546e-06
503.2	1.126e-06
503.4	1.115e-06
503.6	9.7451e-07
503.8	7.8498e-07
504.0	6.3688e-07
504.2	5.5571e-07
504.4	4.8489e-07
504.6	4.8026e-07
504.8	5.2339e-07
505.0	5.0285e-07
505.2	4.3393e-07
505.4	3.7493e-07
505.6	3.4058e-07
505.8	3.0937e-07
506.0	3.0632e-07
506.2	3.3002e-07
506.4	3.3229e-07
506.6	3.0587e-07
506.8	2.8156e-07
507.0	2.6519e-07
507.2	2.5035e-07
507.4	2.4867e-07
507.6	2.6705e-07
507.8	2.6156e-07
508.0	2.1069e-07
508.2	1.6971e-07
508.4	1.5946e-07
508.6	1.557e-07
508.8	1.6138e-07
509.0	1.943e-07
509.2	2.1834e-07
509.4	1.9072e-07
509.6	1.6658e-07
509.8	1.4472e-07
510.0	1.2542e-07
510.2	1.1841e-07
510.4	1.6512e-07
510.6	2.0126e-07
510.8	1.1237e-07
511.0	3.774e-08
511.2	1.5997e-08
511.4	5.7132e-08
511.6	1.2531e-07
511.8	1.238e-07
512.0	1.0719e-07
512.2	1.3955e-07
512.4	1.4561e-07
512.6	1.8201e-07
512.8	7.9568e-08
513.0	9.5116e-08
513.2	1.053e-07
513.4	2.4153e-08
513.6	7.302e-08
513.8	1.2875e-07
514.0	1.0241e-07
514.2	1.8206e-07
514.4	1.7613e-07
514.6	2.34e-08
514.8	4.1357e-08
515.0	6.5531e-08
515.2	2.8268e-08
515.4	1.6275e-08
515.6	3.1225e-08
515.8	3.6876e-08
516.0	3.738e-08
516.2	5.5337e-08
516.4	4.7384e-08
516.6	5.5024e-08
516.8	1.8215e-08
517.0	1.4462e-08
517.2	3.6708e-08
517.4	1.0716e-07
517.6	7.7209e-08
517.8	1.175e-07
518.0	8.4604e-08
518.2	3.5253e-08
518.4	5.8415e-08
518.6	7.8827e-08
518.8	5.8602e-08
519.0	8.0528e-08
519.2	1.3154e-07
519.4	9.8903e-08
519.6	3.7961e-08
519.8	2.7694e-08
520.0	2.7681e-08
520.2	2.5404e-08
520.4	1.7921e-08
520.6	3.0084e-08
520.8	5.1963e-08
521.0	5.4861e-08
521.2	6.1249e-08
521.4	7.2044e-08
521.6	7.8321e-08
521.8	4.9991e-08
522.0	1.5752e-08
522.2	7.3838e-08
522.4	9.3436e-08
522.6	3.7547e-08
522.8	2.2806e-08
523.0	1.0192e-07
523.2	6.4368e-08
523.4	6.5357e-08
523.6	6.5154e-08
523.8	7.2915e-08
524.0	4.8431e-08
524.2	3.4295e-08
524.4	8.8932e-08
524.6	4.9897e-08
524.8	5.1422e-08
525.0	4.0791e-08
525.2	1.9987e-08
525.4	2.3982e-08
525.6	6.1286e-08
525.8	5.1218e-08
526.0	2.9019e-08
526.2	7.3223e-08
526.4	4.4865e-08
526.6	5.0382e-08
526.8	6.7109e-08
527.0	7.5277e-08
527.2	7.5058e-08
527.4	6.3157e-08
527.6	5.0758e-08
527.8	5.8371e-08
528.0	3.8336e-08
528.2	1.9794e-08
528.4	1.4718e-08
528.6	5.2919e-08
528.8	4.138e-08
529.0	9.8631e-09
529.2	2.5626e-08
529.4	4.3299e-08
529.6	3.7848e-08
529.8	4.9079e-08
530.0	7.2163e-08
530.2	5.89e-08
530.4	4.9759e-08
530.6	4.8254e-08
530.8	4.2331e-08
531.0	4.0735e-08
531.2	5.9835e-08
531.4	5.9763e-08
531.6	3.0762e-08
531.8	4.0894e-08
532.0	2.0332e-08
532.2	2.6057e-08
532.4	7.3651e-08
532.6	4.7117e-08
532.8	1.5614e-08
533.0	1.4777e-08
533.2	1.2817e-08
533.4	1.165e-08
533.6	1.9415e-08
533.8	4.636e-08
534.0	4.627e-08
534.2	2.735e-08
534.4	4.419e-08
534.6	8.2302e-08
534.8	8.1904e-08
535.0	7.8861e-08
535.2	8.3937e-08
535.4	4.1393e-08
535.6	1.0459e-08
535.8	1.3097e-08
536.0	2.5605e-08
536.2	4.8611e-08
536.4	4.0459e-08
536.6	1.1393e-08
536.8	1.1371e-08
537.0	4.6834e-08
537.2	6.4081e-08
537.4	6.449e-08
537.6	3.2135e-08
537.8	1.7061e-08
538.0	5.3262e-08
538.2	2.5671e-08
538.4	1.4258e-08
538.6	1.9901e-08
538.8	3.8174e-08
539.0	9.1183e-08
539.2	7.8716e-08
539.4	2.1172e-08
539.6	9.4313e-08
539.8	2.342e-08
540.0	7.4914e-08
540.2	3.696e-08
540.4	3.1222e-08
540.6	1.408e-08
540.8	5.0705e-08
541.0	2.7842e-08
541.2	3.2039e-08
541.4	3.7426e-08
541.6	3.3957e-08
541.8	5.7183e-08
542.0	2.9356e-08
542.2	4.284e-08
542.4	1.8679e-08
542.6	1.6336e-08
542.8	2.0908e-08
543.0	5.0928e-08
543.2	2.9148e-08
543.4	1.1406e-08
543.6	1.9759e-08
543.8	5.466e-08
544.0	6.8831e-08
544.2	6.0056e-08
544.4	5.1833e-08
544.6	2.3643e-08
544.8	3.2084e-08
545.0	3.2086e-08
545.2	1.5987e-08
545.4	1.7128e-08
545.6	2.8623e-08
545.8	1.7907e-08
546.0	1.2362e-08
546.2	2.164e-08
546.4	8.4169e-08
546.6	2.7897e-08
546.8	2.1626e-08
547.0	5.4868e-08
547.2	2.6098e-08
547.4	1.4094e-08
547.6	5.0774e-08
547.8	5.3083e-08
548.0	7.8549e-08
548.2	9.3238e-08
548.4	6.1916e-08
548.6	3.0015e-08
548.8	4.5639e-08
549.0	7.1182e-08
549.2	4.8872e-08
549.4	2.0157e-08
549.6	1.0493e-08
549.8	1.3254e-08
550.0	5.3419e-08
550.2	7.2297e-08
550.4	6.3865e-08
550.6	8.3348e-08
550.8	5.4759e-08
551.0	3.4166e-08
551.2	4.1151e-08
551.4	3.2953e-08
551.6	1.049e-08
551.8	1.0492e-08
552.0	3.0436e-08
552.2	5.7087e-08
552.4	6.3016e-08
552.6	6.2247e-08
552.8	5.1717e-08
553.0	4.1945e-08
553.2	4.1862e-08
553.4	7.1711e-08
553.6	4.2796e-08
553.8	1.4858e-08
554.0	7.0057e-08
554.2	5.56e-08
554.4	6.1775e-08
554.6	7.7021e-08
554.8	8.2364e-08
555.0	8.2214e-08
555.2	7.4143e-08
555.4	4.2595e-08
555.6	6.4553e-08
555.8	6.1827e-08
556.0	5.3634e-08
556.2	5.6091e-08
556.4	4.313e-08
556.6	2.1386e-08
556.8	2.9487e-08
557.0	6.0495e-08
557.2	4.3745e-08
557.4	5.3712e-08
557.6	6.1042e-08
557.8	8.0307e-08
558.0	1.6051e-07
558.2	1.3609e-07
558.4	8.9791e-08
558.6	8.1648e-08
558.8	7.4752e-08
559.0	6.1341e-08
559.2	5.0908e-08
559.4	5.2368e-08
559.6	9.1056e-08
559.8	9.7111e-08
560.0	8.4854e-08
560.2	8.1843e-08
560.4	1.1416e-07
560.6	1.8622e-07
560.8	1.9423e-07
561.0	1.2587e-07
561.2	1.6706e-07
561.4	2.6393e-07
561.6	3.3146e-07
561.8	3.6646e-07
562.0	4.0174e-07
562.2	5.2734e-07
562.4	6.1041e-07
562.6	8.064e-07
562.8	1.0925e-06
563.0	1.4263e-06
563.2	1.8174e-06
563.4	2.3189e-06
563.6	3.3336e-06
563.8	4.5551e-06
564.0	6.4089e-06
564.2	8.946e-06
564.4	1.2656e-05
564.6	1.8656e-05
564.8	2.7061e-05
565.0	4.0017e-05
565.2	5.9916e-05
565.4	9.4186e-05
565.6	1.5832e-04
565.8	2.4715e-04
566.0	3.9474e-04
566.2	6.431e-04
566.4	0.00108
566.6	0.00187
566.8	0.00336
567.0	0.00596
567.2	0.01092
567.4	0.02113
567.6	0.04321
567.8	0.09339
568.0	0.20807
568.2	0.43771
568.4	0.75419
568.6	0.91952
568.8	0.91128
569.0	0.85415
569.2	0.81264
569.4	0.79595
569.6	0.79989
569.8	0.81641
570.0	0.84085
570.2	0.86982
570.4	0.90041
570.6	0.92727
570.8	0.9491
571.0	0.96525
571.2	0.97348
571.4	0.97198
571.6	0.96403
571.8	0.95092
572.0	0.93491
572.2	0.91949
572.4	0.90521
572.6	0.89377
572.8	0.8869
573.0	0.8855
573.2	0.88853
573.4	0.89633
573.6	0.90582
573.8	0.91931
574.0	0.93112
574.2	0.94414
574.4	0.95598
574.6	0.96432
574.8	0.97005
575.0	0.96898
575.2	0.96399
575.4	0.95614
575.6	0.94459
575.8	0.93091
576.0	0.91652
576.2	0.90266
576.4	0.88987
576.6	0.87952
576.8	0.87221
577.0	0.8685
577.2	0.86814
577.4	0.87096
577.6	0.87633
577.8	0.88535
578.0	0.89669
578.2	0.90989
578.4	0.92375
578.6	0.9373
578.8	0.95032
579.0	0.96039
579.2	0.96838
579.4	0.97316
579.6	0.97451
579.8	0.97228
580.0	0.96688
580.2	0.95914
580.4	0.95054
580.6	0.94073
580.8	0.93185
581.0	0.92401
581.2	0.91723
581.4	0.91169
581.6	0.90852
581.8	0.90751
582.0	0.9087
582.2	0.91155
582.4	0.91545
582.6	0.92059
582.8	0.92648
583.0	0.93211
583.2	0.93855
583.4	0.94373
583.6	0.94762
583.8	0.95021
584.0	0.95218
584.2	0.95246
584.4	0.9523
584.6	0.95143
584.8	0.94945
585.0	0.94899
585.2	0.94834
585.4	0.9492
585.6	0.95162
585.8	0.95497
586.0	0.9574
586.2	0.96131
586.4	0.96585
586.6	0.96913
586.8	0.9709
587.0	0.97234
587.2	0.97264
587.4	0.97129
587.6	0.96771
587.8	0.96305
588.0	0.95725
588.2	0.95114
588.4	0.94519
588.6	0.93925
588.8	0.93425
589.0	0.93036
589.2	0.9297
589.4	0.93018
589.6	0.93225
589.8	0.9372
590.0	0.94294
590.2	0.94927
590.4	0.95668
590.6	0.96272
590.8	0.96875
591.0	0.97244
591.2	0.97514
591.4	0.97531
591.6	0.9742
591.8	0.97235
592.0	0.96943
592.2	0.9667
592.4	0.96395
592.6	0.96149
592.8	0.96047
593.0	0.96138
593.2	0.9634
593.4	0.96543
593.6	0.96739
593.8	0.96941
594.0	0.97029
594.2	0.97006
594.4	0.96877
594.6	0.96658
594.8	0.9618
595.0	0.95609
595.2	0.94968
595.4	0.94246
595.6	0.93529
595.8	0.92757
596.0	0.9211
596.2	0.91386
596.4	0.90713
596.6	0.90131
596.8	0.89784
597.0	0.89649
597.2	0.898
597.4	0.90125
597.6	0.90378
597.8	0.90267
598.0	0.89534
598.2	0.88041
598.4	0.86218
598.6	0.84593
598.8	0.83242
599.0	0.79157
599.2	0.65023
599.4	0.40621
599.6	0.1932
599.8	0.08124
600.0	0.03461
600.2	0.01606
600.4	0.00833
600.6	0.00464
600.8	0.00177
601.0	9.2952e-04
601.2	5.1335e-04
601.4	2.8967e-04
601.6	1.7054e-04
601.8	1.0651e-04
602.0	6.5418e-05
602.2	3.7022e-05
602.4	2.1266e-05
602.6	1.3612e-05
602.8	8.6655e-06
603.0	5.8233e-06
603.2	3.9794e-06
603.4	2.7427e-06
603.6	1.9292e-06
603.8	1.3154e-06
604.0	9.3361e-07
604.2	6.4521e-07
604.4	5.2889e-07
604.6	4.6134e-07
604.8	3.812e-07
605.0	2.2649e-07
605.2	1.4878e-07
605.4	2.5321e-07
605.6	1.6181e-07
605.8	1.3298e-07
606.0	7.4214e-08
606.2	1.5317e-07
606.4	8.6906e-08
606.6	8.1812e-08
606.8	1.2037e-07
607.0	1.3362e-07
607.2	1.0416e-07
607.4	7.5205e-08
607.6	6.9625e-08
607.8	7.4308e-08
608.0	1.0861e-08
608.2	8.3737e-08
608.4	6.0194e-08
608.6	5.8484e-08
608.8	1.0241e-07
609.0	1.1551e-07
609.2	7.5071e-08
609.4	6.9915e-08
609.6	8.7835e-08
609.8	4.931e-08
610.0	2.3376e-08
610.2	5.0906e-08
610.4	3.3042e-08
610.6	3.667e-08
610.8	5.8416e-08
611.0	6.6836e-08
611.2	6.341e-08
611.4	5.1108e-08
611.6	4.5565e-08
611.8	8.6882e-08
612.0	1.0009e-07
612.2	1.5191e-07
612.4	8.7607e-08
612.6	3.6206e-08
612.8	2.6576e-08
613.0	5.44e-08
613.2	1.02e-07
613.4	4.5484e-08
613.6	5.5592e-08
613.8	7.1969e-08
614.0	5.7249e-08
614.2	3.9628e-08
614.4	4.1869e-08
614.6	7.9871e-08
614.8	6.4626e-08
615.0	3.3929e-08
615.2	4.1726e-08
615.4	6.1524e-08
615.6	4.6652e-08
615.8	1.0475e-08
616.0	2.5234e-08
616.2	3.5325e-08
616.4	2.3196e-08
616.6	3.4486e-08
616.8	3.4159e-08
617.0	1.9758e-08
617.2	1.975e-08
617.4	4.7532e-08
617.6	6.9451e-08
617.8	8.4074e-08
618.0	4.8419e-08
618.2	2.0111e-08
618.4	1.3639e-08
618.6	7.9005e-08
618.8	1.7107e-08
619.0	3.0113e-08
619.2	6.9114e-08
619.4	4.6633e-08
619.6	2.0476e-08
619.8	9.8277e-09
620.0	9.8223e-09
620.2	4.0812e-08
620.4	7.4341e-08
620.6	6.6715e-08
620.8	5.2611e-08
621.0	4.5236e-08
621.2	1.627e-08
621.4	1.041e-07
621.6	2.3432e-08
621.8	5.8124e-08
622.0	1.7519e-08
622.2	1.6049e-08
622.4	3.3551e-08
622.6	4.6393e-08
622.8	1.2799e-08
623.0	1.9994e-08
623.2	3.5046e-08
623.4	6.735e-08
623.6	3.0434e-08
623.8	7.4142e-09
624.0	7.4123e-09
624.2	7.41e-09
624.4	7.4069e-09
624.6	2.2521e-08
624.8	5.5579e-08
625.0	3.0164e-08
625.2	1.1941e-08
625.4	2.8688e-08
625.6	3.6771e-08
625.8	5.8394e-08
626.0	6.4329e-08
626.2	4.9575e-08
626.4	5.645e-08
626.6	6.1504e-08
626.8	1.1629e-08
627.0	2.115e-08
627.2	4.4762e-08
627.4	6.3294e-08
627.6	6.0267e-08
627.8	3.9242e-08
628.0	9.6619e-09
628.2	9.6544e-09
628.4	3.2588e-08
628.6	4.7559e-08
628.8	3.3219e-08
629.0	2.2967e-08
629.2	2.1481e-08
629.4	2.7441e-08
629.6	1.1412e-08
629.8	9.7052e-09
630.0	2.7753e-08
630.2	5.6756e-08
630.4	1.4221e-08
630.6	1.4733e-08
630.8	8.5595e-08
631.0	1.5582e-08
631.2	3.5611e-08
631.4	7.0114e-08
631.6	4.3467e-08
631.8	2.3409e-08
632.0	9.8276e-09
632.2	9.8258e-09
632.4	9.8046e-09
632.6	9.7982e-09
632.8	1.254e-08
633.0	1.748e-08
633.2	1.0503e-08
633.4	9.8297e-09
633.6	9.8212e-09
633.8	9.8201e-09
634.0	9.8051e-09
634.2	9.7879e-09
634.4	1.0903e-08
634.6	1.87e-08
634.8	2.7013e-08
635.0	5.5303e-08
635.2	2.4026e-08
635.4	2.4902e-08
635.6	2.065e-08
635.8	2.71e-08
636.0	3.5458e-08
636.2	6.157e-08
636.4	1.2899e-08
636.6	2.839e-08
636.8	3.2184e-08
637.0	1.6378e-08
637.2	1.0043e-08
637.4	1.3844e-08
637.6	9.9059e-09
637.8	4.5664e-08
638.0	4.9582e-08
638.2	2.2974e-08
638.4	1.2777e-08
638.6	3.8931e-08
638.8	3.4388e-08
639.0	6.6472e-08
639.2	3.6347e-08
639.4	2.9499e-08
639.6	2.5451e-08
639.8	1.7556e-08
640.0	1.0075e-08
640.2	4.5654e-08
640.4	1.1617e-08
640.6	9.7816e-09
640.8	2.2524e-08
641.0	4.863e-08
641.2	4.3445e-08
641.4	2.0773e-08
641.6	1.7289e-08
641.8	6.0848e-08
642.0	1.9072e-08
642.2	9.6226e-09
642.4	9.618e-09
642.6	9.6181e-09
642.8	9.609e-09
643.0	1.4426e-08
643.2	3.5924e-08
643.4	1.3787e-08
643.6	8.9607e-09
643.8	1.732e-08
644.0	2.8503e-08
644.2	4.3134e-08
644.4	3.763e-08
644.6	1.3626e-08
644.8	9.6138e-09
645.0	1.2596e-08
645.2	1.68e-08
645.4	9.6484e-09
645.6	2.2984e-08
645.8	1.7887e-08
646.0	3.3357e-08
646.2	1.9925e-08
646.4	1.2248e-08
646.6	2.0422e-08
646.8	2.8254e-08
647.0	1.2601e-08
647.2	1.0745e-08
647.4	2.0586e-08
647.6	2.3473e-08
647.8	1.9178e-08
648.0	2.0619e-08
648.2	3.5795e-08
648.4	1.4209e-08
648.6	1.0539e-08
648.8	1.9429e-08
649.0	3.9252e-08
649.2	3.531e-08
649.4	9.4446e-09
649.6	9.4293e-09
649.8	9.4168e-09
650.0	1.7811e-08
650.2	5.4331e-08
650.4	2.4207e-08
650.6	7.0308e-09
650.8	7.0326e-09
651.0	1.0805e-08
651.2	2.8351e-08
651.4	2.8579e-08
651.6	3.0674e-08
651.8	2.1343e-08
652.0	9.3619e-09
652.2	9.4825e-09
652.4	3.4534e-08
652.6	5.235e-08
652.8	4.1517e-08
653.0	2.9239e-08
653.2	3.4009e-08
653.4	3.643e-08
653.6	1.0e-08
653.8	2.1843e-08
654.0	3.3351e-08
654.2	3.0594e-08
654.4	3.0885e-08
654.6	2.8822e-08
654.8	9.5298e-09
655.0	9.5441e-09
655.2	9.5463e-09
655.4	9.5402e-09
655.6	1.4095e-08
655.8	3.6589e-08
656.0	3.9795e-08
656.2	9.5791e-09
656.4	9.5753e-09
656.6	9.5514e-09
656.8	1.324e-08
657.0	1.8982e-08
657.2	1.8923e-08
657.4	2.1194e-08
657.6	3.0087e-08
657.8	5.9324e-08
658.0	4.5919e-08
658.2	3.3248e-08
658.4	2.9253e-08
658.6	3.0245e-08
658.8	1.9252e-08
659.0	8.3518e-09
659.2	1.7016e-08
659.4	3.6472e-08
659.6	1.2405e-08
659.8	1.3542e-08
660.0	3.8917e-08
660.2	3.9545e-08
660.4	4.7273e-08
660.6	1.3757e-08
660.8	9.5241e-09
661.0	9.5299e-09
661.2	9.7245e-09
661.4	1.1513e-08
661.6	2.1493e-08
661.8	4.4741e-08
662.0	6.7605e-08
662.2	2.5675e-08
662.4	2.0555e-08
662.6	8.4397e-08
662.8	4.32e-08
663.0	5.8459e-08
663.2	1.2329e-08
663.4	1.5542e-08
663.6	4.3347e-08
663.8	4.5063e-08
664.0	9.7151e-09
664.2	3.9409e-08
664.4	2.327e-08
664.6	2.2223e-08
664.8	9.6642e-09
665.0	9.671e-09
665.2	1.2655e-07
665.4	1.2086e-07
665.6	1.1543e-07
665.8	1.1024e-07
666.0	1.0528e-07
666.2	1.0055e-07
666.4	9.603e-08
666.6	9.1714e-08
666.8	8.7591e-08
667.0	8.3654e-08
667.2	8.4314e-08
667.4	8.6436e-08
667.6	8.8612e-08
667.8	9.0843e-08
668.0	9.3129e-08
668.2	9.5474e-08
668.4	9.7877e-08
668.6	1.0034e-07
668.8	1.0287e-07
669.0	1.0546e-07
669.2	1.0417e-07
669.4	1.0186e-07
669.6	9.9598e-08
669.8	9.7388e-08
670.0	9.5226e-08
670.2	9.3113e-08
670.4	9.1047e-08
670.6	8.9026e-08
670.8	8.7051e-08
671.0	8.5119e-08
671.2	8.5437e-08
671.4	8.6267e-08
671.6	8.7106e-08
671.8	8.7952e-08
672.0	8.8807e-08
672.2	8.967e-08
672.4	9.0541e-08
672.6	9.1421e-08
672.8	9.231e-08
673.0	9.3207e-08
673.2	9.288e-08
673.4	9.2332e-08
673.6	9.1786e-08
673.8	9.1244e-08
674.0	9.0705e-08
674.2	9.0169e-08
674.4	8.9636e-08
674.6	8.9107e-08
674.8	8.858e-08
675.0	8.8057e-08
675.2	8.6639e-08
675.4	8.5106e-08
675.6	8.3601e-08
675.8	8.2122e-08
676.0	8.0669e-08
676.2	7.9242e-08
676.4	7.7841e-08
676.6	7.6464e-08
676.8	7.5111e-08
677.0	7.3783e-08
677.2	7.3514e-08
677.4	7.3584e-08
677.6	7.3655e-08
677.8	7.3726e-08
678.0	7.3796e-08
678.2	7.3867e-08
678.4	7.3938e-08
678.6	7.4009e-08
678.8	7.408e-08
679.0	7.4151e-08
679.2	7.4094e-08
679.4	7.4004e-08
679.6	7.3913e-08
679.8	7.3823e-08
680.0	7.3733e-08
680.2	7.3642e-08
680.4	7.3552e-08
680.6	7.3463e-08
680.8	7.3373e-08
681.0	7.3283e-08
681.2	7.2136e-08
681.4	7.0788e-08
681.6	6.9465e-08
681.8	6.8167e-08
682.0	6.6893e-08
682.2	6.5643e-08
682.4	6.4416e-08
682.6	6.3212e-08
682.8	6.2031e-08
683.0	6.0872e-08
683.2	5.8054e-08
683.4	5.512e-08
683.6	5.2335e-08
683.8	4.969e-08
684.0	4.7179e-08
684.2	4.4795e-08
684.4	4.2531e-08
684.6	4.0382e-08
684.8	3.8342e-08
685.0	3.6404e-08
685.2	3.2705e-08
685.4	2.9117e-08
685.6	2.5924e-08
685.8	2.3081e-08
686.0	2.0549e-08
686.2	1.8295e-08
686.4	1.6289e-08
686.6	1.4502e-08
686.8	1.2911e-08
687.0	1.1495e-08
687.2	8.976e-09
687.4	6.7166e-09
687.6	5.0259e-09
687.8	3.7608e-09
688.0	2.8142e-09
688.2	2.1058e-09
688.4	1.5757e-09
688.6	1.1791e-09
688.8	8.8231e-10
689.0	6.6022e-10
689.2	6.2233e-10
689.4	6.2261e-10
689.6	6.2289e-10
689.8	6.2317e-10
690.0	6.2344e-10
690.2	6.2372e-10
690.4	6.24e-10
690.6	6.2427e-10
690.8	6.2455e-10
691.0	6.2483e-10
691.2	7.3673e-10
691.4	8.9629e-10
691.6	1.0904e-09
691.8	1.3266e-09
692.0	1.6139e-09
692.2	1.9634e-09
692.4	2.3886e-09
692.6	2.9059e-09
692.8	3.5353e-09
693.0	4.301e-09
693.2	4.1911e-09
693.4	3.9679e-09
693.6	3.7567e-09
693.8	3.5566e-09
694.0	3.3673e-09
694.2	3.188e-09
694.4	3.0182e-09
694.6	2.8575e-09
694.8	2.7054e-09
695.0	2.5613e-09
695.2	2.2623e-09
695.4	1.9728e-09
695.6	1.7204e-09
695.8	1.5003e-09
696.0	1.3084e-09
696.2	1.141e-09
696.4	9.9503e-10
696.6	8.6773e-10
696.8	7.5671e-10
697.0	6.599e-10
697.2	7.6007e-10
697.4	9.6782e-10
697.6	1.2323e-09
697.8	1.5692e-09
698.0	1.998e-09
698.2	2.5442e-09
698.4	3.2395e-09
698.6	4.1249e-09
698.8	5.2524e-09
699.0	6.688e-09
699.2	5.8467e-09
699.4	4.5969e-09
699.6	3.6143e-09
699.8	2.8417e-09
700.0	2.2342e-09
700.2	1.7566e-09
700.4	1.3811e-09
700.6	1.0859e-09
700.8	8.5378e-10
701.0	6.7128e-10
701.2	7.3556e-10
701.4	8.6481e-10
701.6	1.0168e-09
701.8	1.1954e-09
702.0	1.4054e-09
702.2	1.6524e-09
702.4	1.9427e-09
702.6	2.2841e-09
702.8	2.6854e-09
703.0	3.1572e-09
703.2	2.9706e-09
703.4	2.7114e-09
703.6	2.4747e-09
703.8	2.2588e-09
704.0	2.0616e-09
704.2	1.8817e-09
704.4	1.7175e-09
704.6	1.5676e-09
704.8	1.4308e-09
705.0	1.306e-09
705.2	1.2133e-09
705.4	1.1307e-09
705.6	1.0537e-09
705.8	9.8197e-10
706.0	9.1513e-10
706.2	8.5283e-10
706.4	7.9478e-10
706.6	7.4068e-10
706.8	6.9026e-10
707.0	6.4327e-10
707.2	6.3206e-10
707.4	6.3211e-10
707.6	6.3215e-10
707.8	6.322e-10
708.0	6.3224e-10
708.2	6.3228e-10
708.4	6.3233e-10
708.6	6.3237e-10
708.8	6.3242e-10
709.0	6.3246e-10
709.2	6.3256e-10
709.4	6.3267e-10
709.6	6.3278e-10
709.8	6.329e-10
710.0	6.3301e-10
710.2	6.3312e-10
710.4	6.3323e-10
710.6	6.3335e-10
710.8	6.3346e-10
711.0	6.3357e-10
711.2	7.8575e-10
711.4	1.0092e-09
711.6	1.2962e-09
711.8	1.6648e-09
712.0	2.1382e-09
712.2	2.7463e-09
712.4	3.5273e-09
712.6	4.5304e-09
712.8	5.8187e-09
713.0	7.4734e-09
713.2	7.1145e-09
713.4	6.5869e-09
713.6	6.0985e-09
713.8	5.6463e-09
714.0	5.2276e-09
714.2	4.84e-09
714.4	4.4811e-09
714.6	4.1488e-09
714.8	3.8412e-09
715.0	3.5564e-09
715.2	3.0507e-09
715.4	2.5777e-09
715.6	2.1781e-09
715.8	1.8404e-09
716.0	1.5551e-09
716.2	1.314e-09
716.4	1.1103e-09
716.6	9.3816e-10
716.8	7.9272e-10
717.0	6.6982e-10
717.2	6.4049e-10
717.4	6.4112e-10
717.6	6.4175e-10
717.8	6.4237e-10
718.0	6.43e-10
718.2	6.4363e-10
718.4	6.4426e-10
718.6	6.4489e-10
718.8	6.4552e-10
719.0	6.4615e-10
719.2	6.4686e-10
719.4	6.4761e-10
719.6	6.4835e-10
719.8	6.4909e-10
720.0	6.4983e-10
720.2	6.5058e-10
720.4	6.5132e-10
720.6	6.5207e-10
720.8	6.5281e-10
721.0	6.5356e-10
721.2	8.6479e-10
721.4	1.202e-09
721.6	1.6708e-09
721.8	2.3223e-09
722.0	3.2279e-09
722.2	4.4867e-09
722.4	6.2363e-09
722.6	8.6683e-09
722.8	1.2049e-08
723.0	1.6747e-08
723.2	1.5301e-08
723.4	1.3445e-08
723.6	1.1814e-08
723.8	1.0381e-08
724.0	9.1217e-09
724.2	8.0153e-09
724.4	7.0431e-09
724.6	6.1888e-09
724.8	5.4381e-09
725.0	4.7785e-09
725.2	3.9823e-09
725.4	3.2855e-09
725.6	2.7107e-09
725.8	2.2364e-09
726.0	1.8451e-09
726.2	1.5222e-09
726.4	1.2559e-09
726.6	1.0361e-09
726.8	8.5485e-10
727.0	7.0527e-10
727.2	1.0202e-09
727.4	1.7977e-09
727.6	3.1676e-09
727.8	5.5816e-09
728.0	9.835e-09
728.2	1.733e-08
728.4	3.0536e-08
728.6	5.3807e-08
728.8	9.481e-08
729.0	1.6706e-07
729.2	1.2536e-07
729.4	7.6502e-08
729.6	4.6684e-08
729.8	2.8488e-08
730.0	1.7384e-08
730.2	1.0609e-08
730.4	6.4737e-09
730.6	3.9505e-09
730.8	2.4107e-09
731.0	1.4711e-09
731.2	1.3028e-09
731.4	1.2168e-09
731.6	1.1365e-09
731.8	1.0615e-09
732.0	9.9147e-10
732.2	9.2604e-10
732.4	8.6492e-10
732.6	8.0784e-10
732.8	7.5453e-10
733.0	7.0473e-10
733.2	9.5139e-10
733.4	1.3122e-09
733.6	1.8099e-09
733.8	2.4963e-09
734.0	3.4431e-09
734.2	4.7489e-09
734.4	6.5499e-09
734.6	9.034e-09
734.8	1.246e-08
735.0	1.7186e-08
735.2	2.7616e-08
735.4	4.5737e-08
735.6	7.5747e-08
735.8	1.2545e-07
736.0	2.0776e-07
736.2	3.4408e-07
736.4	5.6985e-07
736.6	9.4377e-07
736.8	1.563e-06
737.0	2.5886e-06
737.2	2.4337e-06
737.4	1.8258e-06
737.6	1.3697e-06
737.8	1.0276e-06
738.0	7.709e-07
738.2	5.7834e-07
738.4	4.3388e-07
738.6	3.255e-07
738.8	2.4419e-07
739.0	1.832e-07
739.2	1.7143e-07
739.4	1.7044e-07
739.6	1.6944e-07
739.8	1.6846e-07
740.0	1.6748e-07
740.2	1.665e-07
740.4	1.6554e-07
740.6	1.6457e-07
740.8	1.6362e-07
741.0	1.6266e-07
741.2	1.781e-07
741.4	1.9809e-07
741.6	2.2033e-07
741.8	2.4506e-07
742.0	2.7256e-07
742.2	3.0316e-07
742.4	3.3718e-07
742.6	3.7503e-07
742.8	4.1712e-07
743.0	4.6394e-07
743.2	6.0004e-07
743.4	7.8358e-07
743.6	1.0232e-06
743.8	1.3362e-06
744.0	1.7449e-06
744.2	2.2787e-06
744.4	2.9756e-06
744.6	3.8858e-06
744.8	5.0743e-06
745.0	6.6264e-06
745.2	7.4432e-06
745.4	8.0795e-06
745.6	8.7702e-06
745.8	9.52e-06
746.0	1.0334e-05
746.2	1.1217e-05
746.4	1.2176e-05
746.6	1.3217e-05
746.8	1.4347e-05
747.0	1.5574e-05
747.2	1.2699e-05
747.4	9.1063e-06
747.6	6.5299e-06
747.8	4.6824e-06
748.0	3.3577e-06
748.2	2.4077e-06
748.4	1.7265e-06
748.6	1.238e-06
748.8	8.8776e-07
749.0	6.3659e-07
749.2	5.5873e-07
749.4	5.209e-07
749.6	4.8564e-07
749.8	4.5277e-07
750.0	4.2212e-07
750.2	3.9354e-07
750.4	3.669e-07
750.6	3.4206e-07
750.8	3.189e-07
751.0	2.9732e-07
751.2	3.0246e-07
751.4	3.1247e-07
751.6	3.2281e-07
751.8	3.335e-07
752.0	3.4454e-07
752.2	3.5594e-07
752.4	3.6772e-07
752.6	3.7989e-07
752.8	3.9246e-07
753.0	4.0545e-07
753.2	4.7451e-07
753.4	5.6016e-07
753.6	6.6127e-07
753.8	7.8063e-07
754.0	9.2154e-07
754.2	1.0879e-06
754.4	1.2843e-06
754.6	1.5161e-06
754.8	1.7897e-06
755.0	2.1128e-06
755.2	2.2922e-06
755.4	2.4427e-06
755.6	2.6031e-06
755.8	2.7741e-06
756.0	2.9562e-06
756.2	3.1504e-06
756.4	3.3572e-06
756.6	3.5777e-06
756.8	3.8126e-06
757.0	4.063e-06
757.2	3.6586e-06
757.4	3.0755e-06
757.6	2.5854e-06
757.8	2.1733e-06
758.0	1.8269e-06
758.2	1.5358e-06
758.4	1.291e-06
758.6	1.0852e-06
758.8	9.1227e-07
759.0	7.6688e-07
759.2	7.2848e-07
759.4	7.1416e-07
759.6	7.0013e-07
759.8	6.8637e-07
760.0	6.7288e-07
760.2	6.5965e-07
760.4	6.4669e-07
760.6	6.3398e-07
760.8	6.2152e-07
761.0	6.093e-07
761.2	6.4609e-07
761.4	6.9248e-07
761.6	7.4219e-07
761.8	7.9547e-07
762.0	8.5257e-07
762.2	9.1378e-07
762.4	9.7938e-07
762.6	1.0497e-06
762.8	1.125e-06
763.0	1.2058e-06
763.2	1.3736e-06
763.4	1.5678e-06
763.6	1.7894e-06
763.8	2.0423e-06
764.0	2.3309e-06
764.2	2.6604e-06
764.4	3.0364e-06
764.6	3.4655e-06
764.8	3.9553e-06
765.0	4.5144e-06
765.2	4.8395e-06
765.4	5.1242e-06
765.6	5.4257e-06
765.8	5.7449e-06
766.0	6.0829e-06
766.2	6.4407e-06
766.4	6.8197e-06
766.6	7.2209e-06
766.8	7.6457e-06
767.0	8.0955e-06
767.2	8.0415e-06
767.4	7.7671e-06
767.6	7.5021e-06
767.8	7.2461e-06
768.0	6.9989e-06
768.2	6.7601e-06
768.4	6.5294e-06
768.6	6.3066e-06
768.8	6.0914e-06
769.0	5.8836e-06
769.2	5.9773e-06
769.4	6.1571e-06
769.6	6.3423e-06
769.8	6.533e-06
770.0	6.7295e-06
770.2	6.9319e-06
770.4	7.1404e-06
770.6	7.3551e-06
770.8	7.5764e-06
771.0	7.8042e-06
771.2	8.4355e-06
771.4	9.178e-06
771.6	9.9858e-06
771.8	1.0865e-05
772.0	1.1821e-05
772.2	1.2861e-05
772.4	1.3993e-05
772.6	1.5225e-05
772.8	1.6565e-05
773.0	1.8023e-05
773.2	1.9656e-05
773.4	2.1439e-05
773.6	2.3382e-05
773.8	2.5503e-05
774.0	2.7815e-05
774.2	3.0337e-05
774.4	3.3088e-05
774.6	3.6088e-05
774.8	3.936e-05
775.0	4.2929e-05
775.2	4.5963e-05
775.4	4.9024e-05
775.6	5.229e-05
775.8	5.5773e-05
776.0	5.9488e-05
776.2	6.3451e-05
776.4	6.7677e-05
776.6	7.2185e-05
776.8	7.6993e-05
777.0	8.2122e-05
777.2	8.433e-05
777.4	8.5029e-05
777.6	8.5734e-05
777.8	8.6445e-05
778.0	8.7161e-05
778.2	8.7884e-05
778.4	8.8612e-05
778.6	8.9347e-05
778.8	9.0088e-05
779.0	9.0834e-05
779.2	9.0435e-05
779.4	8.9697e-05
779.6	8.8965e-05
779.8	8.8239e-05
780.0	8.752e-05
780.2	8.6806e-05
780.4	8.6097e-05
780.6	8.5395e-05
780.8	8.4698e-05
781.0	8.4007e-05
781.2	8.2607e-05
781.4	8.1125e-05
781.6	7.967e-05
781.8	7.8241e-05
782.0	7.6837e-05
782.2	7.5459e-05
782.4	7.4105e-05
782.6	7.2776e-05
782.8	7.147e-05
783.0	7.0188e-05
783.2	6.6933e-05
783.4	6.378e-05
783.6	6.0775e-05
783.8	5.7913e-05
784.0	5.5185e-05
784.2	5.2585e-05
784.4	5.0108e-05
784.6	4.7748e-05
784.8	4.5499e-05
785.0	4.3356e-05
785.2	4.1402e-05
785.4	3.9553e-05
785.6	3.7787e-05
785.8	3.61e-05
786.0	3.4489e-05
786.2	3.2949e-05
786.4	3.1478e-05
786.6	3.0072e-05
786.8	2.873e-05
787.0	2.7447e-05
787.2	2.6258e-05
787.4	2.5137e-05
787.6	2.4063e-05
787.8	2.3036e-05
788.0	2.2052e-05
788.2	2.1111e-05
788.4	2.0209e-05
788.6	1.9346e-05
788.8	1.852e-05
789.0	1.773e-05
789.2	1.7282e-05
789.4	1.6929e-05
789.6	1.6584e-05
789.8	1.6245e-05
790.0	1.5913e-05
790.2	1.5589e-05
790.4	1.527e-05
790.6	1.4959e-05
790.8	1.4653e-05
791.0	1.4354e-05
791.2	1.4142e-05
791.4	1.3942e-05
791.6	1.3745e-05
791.8	1.3551e-05
792.0	1.3359e-05
792.2	1.317e-05
792.4	1.2984e-05
792.6	1.2801e-05
792.8	1.262e-05
793.0	1.244e-05
793.2	1.188e-05
793.4	1.1346e-05
793.6	1.0835e-05
793.8	1.0348e-05
794.0	9.8825e-06
794.2	9.438e-06
794.4	9.0135e-06
794.6	8.608e-06
794.8	8.2208e-06
795.0	7.8802e-06
795.2	7.7719e-06
795.4	7.6651e-06
795.6	7.5598e-06
795.8	7.4559e-06
796.0	7.3534e-06
796.2	7.1852e-06
796.4	6.9193e-06
796.6	6.6632e-06
796.8	6.4167e-06
797.0	6.1792e-06
797.2	5.9505e-06
797.4	5.7303e-06
797.6	5.5183e-06
797.8	5.3141e-06
798.0	5.1174e-06
798.2	4.9982e-06
798.4	4.9511e-06
798.6	4.9044e-06
798.8	4.8582e-06
799.0	4.8124e-06
799.2	4.7671e-06
799.4	4.7222e-06
799.6	4.6777e-06
799.8	4.6336e-06
800.0	4.59e-06
800.2	4.6316e-06
800.4	4.7292e-06
800.6	4.8288e-06
800.8	4.9305e-06
801.0	5.0344e-06
801.2	5.1404e-06
801.4	5.2487e-06
801.6	5.3593e-06
801.8	5.4722e-06
802.0	5.5874e-06
802.2	5.7611e-06
802.4	5.9621e-06
802.6	6.1701e-06
802.8	6.3854e-06
803.0	6.6082e-06
803.2	6.8388e-06
803.4	7.0775e-06
803.6	7.3244e-06
803.8	7.58e-06
804.0	7.8445e-06
804.2	7.9672e-06
804.4	8.0641e-06
804.6	8.1621e-06
804.8	8.2614e-06
805.0	8.3618e-06
805.2	8.4635e-06
805.4	8.5664e-06
805.6	8.6705e-06
805.8	8.7759e-06
806.0	8.8826e-06
806.2	8.9325e-06
806.4	8.8941e-06
806.6	8.8559e-06
806.8	8.8178e-06
807.0	8.7798e-06
807.2	8.7421e-06
807.4	8.7045e-06
807.6	8.667e-06
807.8	8.6297e-06
808.0	8.5926e-06
808.2	8.5936e-06
808.4	8.6313e-06
808.6	8.6692e-06
808.8	8.7072e-06
809.0	8.7454e-06
809.2	8.7838e-06
809.4	8.8223e-06
809.6	8.861e-06
809.8	8.8999e-06
810.0	8.9389e-06
810.2	8.8683e-06
810.4	8.7349e-06
810.6	8.6035e-06
810.8	8.474e-06
811.0	8.3465e-06
811.2	8.2209e-06
811.4	8.0972e-06
811.6	7.9754e-06
811.8	7.8554e-06
812.0	7.7372e-06
812.2	7.2855e-06
812.4	6.7581e-06
812.6	6.2689e-06
812.8	5.8151e-06
813.0	5.3941e-06
813.2	5.0037e-06
813.4	4.6414e-06
813.6	4.3054e-06
813.8	3.9938e-06
814.0	3.7047e-06
814.2	3.3958e-06
814.4	3.1075e-06
814.6	2.8436e-06
814.8	2.6021e-06
815.0	2.3812e-06
815.2	2.179e-06
815.4	1.994e-06
815.6	1.8246e-06
815.8	1.6697e-06
816.0	1.5279e-06
816.2	1.4104e-06
816.4	1.3212e-06
816.6	1.2377e-06
816.8	1.1594e-06
817.0	1.0861e-06
817.2	1.0174e-06
817.4	9.5311e-07
817.6	8.9285e-07
817.8	8.3641e-07
818.0	7.8353e-07
818.2	7.439e-07
818.4	7.1602e-07
818.6	6.8918e-07
818.8	6.6335e-07
819.0	6.3849e-07
819.2	6.1456e-07
819.4	5.9152e-07
819.6	5.6935e-07
819.8	5.4801e-07
820.0	5.2747e-07
820.2	5.1292e-07
820.4	5.019e-07
820.6	4.9113e-07
820.8	4.8058e-07
821.0	4.7026e-07
821.2	4.6016e-07
821.4	4.5028e-07
821.6	4.4061e-07
821.8	4.3115e-07
822.0	4.2189e-07
822.2	4.1427e-07
822.4	4.0727e-07
822.6	4.0039e-07
822.8	3.9363e-07
823.0	3.8697e-07
823.2	3.8044e-07
823.4	3.7401e-07
823.6	3.6769e-07
823.8	3.6147e-07
824.0	3.5537e-07
824.2	3.4773e-07
824.4	3.4005e-07
824.6	3.3254e-07
824.8	3.2519e-07
825.0	3.18e-07
825.2	3.1097e-07
825.4	3.041e-07
825.6	2.9738e-07
825.8	2.9081e-07
826.0	2.8438e-07
826.2	2.7646e-07
826.4	2.6594e-07
826.6	2.5583e-07
826.8	2.461e-07
827.0	2.3674e-07
827.2	2.2773e-07
827.4	2.1907e-07
827.6	2.1074e-07
827.8	2.0272e-07
828.0	1.9501e-07
828.2	1.8664e-07
828.4	1.7766e-07
828.6	1.6911e-07
828.8	1.6097e-07
829.0	1.5322e-07
829.2	1.4585e-07
829.4	1.3883e-07
829.6	1.3215e-07
829.8	1.2579e-07
830.0	1.1974e-07
830.2	1.1441e-07
830.4	1.0957e-07
830.6	1.0494e-07
830.8	1.0051e-07
831.0	9.626e-08
831.2	9.2191e-08
831.4	8.8295e-08
831.6	8.4563e-08
831.8	8.0989e-08
832.0	7.7566e-08
832.2	7.6799e-08
832.4	7.6864e-08
832.6	7.6929e-08
832.8	7.6995e-08
833.0	7.706e-08
833.2	7.7125e-08
833.4	7.719e-08
833.6	7.7256e-08
833.8	7.7321e-08
834.0	7.7387e-08
834.2	7.5081e-08
834.4	7.2578e-08
834.6	7.0158e-08
834.8	6.7819e-08
835.0	6.5558e-08
835.2	6.3373e-08
835.4	6.126e-08
835.6	5.9218e-08
835.8	5.7244e-08
836.0	5.5335e-08
836.2	5.4367e-08
836.4	5.4949e-08
836.6	5.5537e-08
836.8	5.6132e-08
837.0	5.6732e-08
837.2	5.7339e-08
837.4	5.7953e-08
837.6	5.8573e-08
837.8	5.92e-08
838.0	5.9834e-08
838.2	5.8448e-08
838.4	5.5181e-08
838.6	5.2097e-08
838.8	4.9185e-08
839.0	4.6436e-08
839.2	4.3841e-08
839.4	4.1391e-08
839.6	3.9077e-08
839.8	3.6893e-08
840.0	3.4831e-08
840.2	3.4264e-08
840.4	3.4495e-08
840.6	3.4728e-08
840.8	3.4961e-08
841.0	3.5197e-08
841.2	3.5434e-08
841.4	3.5673e-08
841.6	3.5913e-08
841.8	3.6155e-08
842.0	3.6398e-08
842.2	3.4797e-08
842.4	3.2783e-08
842.6	3.0887e-08
842.8	2.91e-08
843.0	2.7416e-08
843.2	2.583e-08
843.4	2.4336e-08
843.6	2.2928e-08
843.8	2.1601e-08
844.0	2.0352e-08
844.2	1.9768e-08
844.4	1.9248e-08
844.6	1.8742e-08
844.8	1.8249e-08
845.0	1.7769e-08
845.2	1.7302e-08
845.4	1.6847e-08
845.6	1.6404e-08
845.8	1.5972e-08
846.0	1.5552e-08
846.2	1.5376e-08
846.4	1.5704e-08
846.6	1.6039e-08
846.8	1.6381e-08
847.0	1.673e-08
847.2	1.7086e-08
847.4	1.745e-08
847.6	1.7822e-08
847.8	1.8202e-08
848.0	1.859e-08
848.2	1.8701e-08
848.4	1.8488e-08
848.6	1.8278e-08
848.8	1.807e-08
849.0	1.7864e-08
849.2	1.766e-08
849.4	1.7459e-08
849.6	1.726e-08
849.8	1.7064e-08
850.0	1.687e-08
850.2	1.7449e-08
850.4	1.8578e-08
850.6	1.9781e-08
850.8	2.1061e-08
851.0	2.2423e-08
851.2	2.3874e-08
851.4	2.5419e-08
851.6	2.7064e-08
851.8	2.8816e-08
852.0	3.068e-08
852.2	3.1871e-08
852.4	3.2851e-08
852.6	3.3861e-08
852.8	3.4903e-08
853.0	3.5976e-08
853.2	3.7083e-08
853.4	3.8223e-08
853.6	3.9399e-08
853.8	4.061e-08
854.0	4.1859e-08
854.2	4.2885e-08
854.4	4.3909e-08
854.6	4.4958e-08
854.8	4.6032e-08
855.0	4.7132e-08
855.2	4.8258e-08
855.4	4.941e-08
855.6	5.0591e-08
855.8	5.1799e-08
856.0	5.3036e-08
856.2	5.396e-08
856.4	5.4093e-08
856.6	5.4225e-08
856.8	5.4359e-08
857.0	5.4492e-08
857.2	5.4626e-08
857.4	5.476e-08
857.6	5.4895e-08
857.8	5.503e-08
858.0	5.5165e-08
858.2	5.725e-08
858.4	6.1984e-08
858.6	6.711e-08
858.8	7.2659e-08
859.0	7.8667e-08
859.2	8.5171e-08
859.4	9.2214e-08
859.6	9.9839e-08
859.8	1.0809e-07
860.0	1.1703e-07
860.2	1.252e-07
860.4	1.3286e-07
860.6	1.41e-07
860.8	1.4963e-07
861.0	1.5879e-07
861.2	1.6852e-07
861.4	1.7883e-07
861.6	1.8978e-07
861.8	2.014e-07
862.0	2.1374e-07
862.2	2.3089e-07
862.4	2.5085e-07
862.6	2.7255e-07
862.8	2.9612e-07
863.0	3.2173e-07
863.2	3.4955e-07
863.4	3.7978e-07
863.6	4.1262e-07
863.8	4.4831e-07
864.0	4.8708e-07
864.2	5.2708e-07
864.4	5.7016e-07
864.6	6.1677e-07
864.8	6.6718e-07
865.0	7.2171e-07
865.2	7.807e-07
865.4	8.4451e-07
865.6	9.5713e-07
865.8	1.119e-06
866.0	1.3082e-06
866.2	1.4961e-06
866.4	1.6327e-06
866.6	1.7818e-06
866.8	1.9444e-06
867.0	2.1193e-06
867.2	2.3099e-06
867.4	2.5176e-06
867.6	2.7405e-06
867.8	2.9819e-06
868.0	3.2445e-06
868.2	3.6559e-06
868.4	4.2818e-06
868.6	5.0148e-06
868.8	5.7959e-06
869.0	6.3416e-06
869.2	6.9387e-06
869.4	7.592e-06
869.6	8.5913e-06
869.8	9.7525e-06
870.0	1.1071e-05
870.2	1.2428e-05
870.4	1.3862e-05
870.6	1.5461e-05
870.8	1.727e-05
871.0	1.9339e-05
871.2	2.1657e-05
871.4	2.4257e-05
871.6	2.7235e-05
871.8	3.0579e-05
872.0	3.4334e-05
872.2	3.8225e-05
872.4	4.2464e-05
872.6	4.7174e-05
872.8	5.2312e-05
873.0	5.7912e-05
873.2	6.4111e-05
873.4	7.0801e-05
873.6	7.7585e-05
873.8	8.5019e-05
874.0	9.3166e-05
874.2	1.0077e-04
874.4	1.0893e-04
874.6	1.1775e-04
874.8	1.2703e-04
875.0	1.3692e-04
875.2	1.4445e-04
875.4	1.524e-04
875.6	1.6078e-04
875.8	1.6962e-04
876.0	1.7723e-04
876.2	1.8358e-04
876.4	1.8993e-04
876.6	1.9319e-04
876.8	1.9651e-04
877.0	1.983e-04
877.2	1.9907e-04
877.4	1.9975e-04
877.6	1.9986e-04
877.8	1.9997e-04
878.0	1.9875e-04
878.2	1.9694e-04
878.4	1.9506e-04
878.6	1.9289e-04
878.8	1.9074e-04
879.0	1.884e-04
879.2	1.8602e-04
879.4	1.839e-04
879.6	1.8232e-04
879.8	1.8075e-04
880.0	1.7835e-04
880.2	1.7585e-04
880.4	1.7419e-04
880.6	1.7376e-04
880.8	1.7334e-04
881.0	1.7343e-04
881.2	1.7355e-04
881.4	1.74e-04
881.6	1.7479e-04
881.8	1.756e-04
882.0	1.7707e-04
882.2	1.7855e-04
882.4	1.8089e-04
882.6	1.8392e-04
882.8	1.8698e-04
883.0	1.8989e-04
883.2	1.9285e-04
883.4	1.9606e-04
883.6	1.9942e-04
883.8	2.0301e-04
884.0	2.0732e-04
884.2	2.1172e-04
884.4	2.1598e-04
884.6	2.2024e-04
884.8	2.2474e-04
885.0	2.2975e-04
885.2	2.3345e-04
885.4	2.3721e-04
885.6	2.4103e-04
885.8	2.4491e-04
886.0	2.4775e-04
886.2	2.4956e-04
886.4	2.5135e-04
886.6	2.5251e-04
886.8	2.5368e-04
887.0	2.5336e-04
887.2	2.5205e-04
887.4	2.5044e-04
887.6	2.4703e-04
887.8	2.4367e-04
888.0	2.3991e-04
888.2	2.3602e-04
888.4	2.3151e-04
888.6	2.2486e-04
888.8	2.184e-04
889.0	2.1181e-04
889.2	2.0532e-04
889.4	1.9857e-04
889.6	1.9108e-04
889.8	1.8388e-04
890.0	1.7693e-04
890.2	1.7024e-04
890.4	1.6364e-04
890.6	1.5705e-04
890.8	1.5073e-04
891.0	1.4446e-04
891.2	1.3843e-04
891.4	1.326e-04
891.6	1.2696e-04
891.8	1.2156e-04
892.0	1.1663e-04
892.2	1.119e-04
892.4	1.0718e-04
892.6	1.0253e-04
892.8	9.8143e-05
893.0	9.4405e-05
893.2	9.0809e-05
893.4	8.7335e-05
893.6	8.3986e-05
893.8	8.0819e-05
894.0	7.7966e-05
894.2	7.5214e-05
894.4	7.2895e-05
894.6	7.0754e-05
894.8	6.857e-05
895.0	6.6216e-05
895.2	6.268e-05
895.4	5.9333e-05
895.6	5.6165e-05
895.8	5.3165e-05
896.0	5.0327e-05
896.2	4.8213e-05
896.4	4.7788e-05
896.6	4.7367e-05
896.8	4.695e-05
897.0	4.6536e-05
897.2	4.6126e-05
897.4	4.572e-05
897.6	4.5317e-05
897.8	4.4918e-05
898.0	4.4522e-05
898.2	4.4075e-05
898.4	4.3561e-05
898.6	4.3053e-05
898.8	4.2551e-05
899.0	4.2055e-05
899.2	4.1565e-05
899.4	4.1081e-05
899.6	4.0602e-05
899.8	4.0128e-05
900.0	3.9661e-05
900.2	3.9402e-05
900.4	3.9271e-05
900.6	3.9141e-05
900.8	3.9012e-05
901.0	3.8883e-05
901.2	3.8754e-05
901.4	3.8626e-05
901.6	3.8498e-05
901.8	3.8371e-05
902.0	3.8244e-05
902.2	3.8384e-05
902.4	3.8592e-05
902.6	3.8801e-05
902.8	3.901e-05
903.0	3.9221e-05
903.2	3.9434e-05
903.4	3.9647e-05
903.6	3.9861e-05
903.8	4.0077e-05
904.0	4.0294e-05
904.2	4.0908e-05
904.4	4.1538e-05
904.6	4.2177e-05
904.8	4.2827e-05
905.0	4.3486e-05
905.2	4.4156e-05
905.4	4.4836e-05
905.6	4.5526e-05
905.8	4.6227e-05
906.0	4.6939e-05
906.2	4.7782e-05
906.4	4.8663e-05
906.6	4.956e-05
906.8	5.0507e-05
907.0	5.1638e-05
907.2	5.2795e-05
907.4	5.3977e-05
907.6	5.5066e-05
907.8	5.6049e-05
908.0	5.7049e-05
908.2	5.8068e-05
908.4	5.9674e-05
908.6	6.1464e-05
908.8	6.3307e-05
909.0	6.5173e-05
909.2	6.6861e-05
909.4	6.8593e-05
909.6	7.0369e-05
909.8	7.2237e-05
910.0	7.4213e-05
910.2	7.6243e-05
910.4	7.8329e-05
910.6	8.051e-05
910.8	8.2764e-05
911.0	8.5081e-05
911.2	8.7435e-05
911.4	8.9565e-05
911.6	9.1746e-05
911.8	9.3981e-05
912.0	9.6239e-05
912.2	9.8507e-05
912.4	1.0083e-04
912.6	1.032e-04
912.8	1.047e-04
913.0	1.0588e-04
913.2	1.0707e-04
913.4	1.0827e-04
913.6	1.0933e-04
913.8	1.104e-04
914.0	1.1148e-04
914.2	1.122e-04
914.4	1.1229e-04
914.6	1.1238e-04
914.8	1.1247e-04
915.0	1.1135e-04
915.2	1.0755e-04
915.4	1.0388e-04
915.6	1.0034e-04
915.8	9.6912e-05
916.0	9.3604e-05
916.2	9.0821e-05
916.4	8.9512e-05
916.6	8.8223e-05
916.8	8.6951e-05
917.0	8.5698e-05
917.2	8.4463e-05
917.4	8.3246e-05
917.6	8.2046e-05
917.8	8.0864e-05
918.0	7.9699e-05
918.2	7.8058e-05
918.4	7.5775e-05
918.6	7.3559e-05
918.8	7.1409e-05
919.0	6.932e-05
919.2	6.7293e-05
919.4	6.5326e-05
919.6	6.3416e-05
919.8	6.1561e-05
920.0	5.9761e-05
920.2	5.8144e-05
920.4	5.6652e-05
920.6	5.5198e-05
920.8	5.3781e-05
921.0	5.2401e-05
921.2	5.1056e-05
921.4	4.9746e-05
921.6	4.8469e-05
921.8	4.7225e-05
922.0	4.6013e-05
922.2	4.5058e-05
922.4	4.4176e-05
922.6	4.3311e-05
922.8	4.2463e-05
923.0	4.1632e-05
923.2	4.0816e-05
923.4	4.0017e-05
923.6	3.9234e-05
923.8	3.8466e-05
924.0	3.7713e-05
924.2	3.6945e-05
924.4	3.6194e-05
924.6	3.5457e-05
924.8	3.4736e-05
925.0	3.4029e-05
925.2	3.3336e-05
925.4	3.2658e-05
925.6	3.1994e-05
925.8	3.1343e-05
926.0	3.0705e-05
926.2	3.0243e-05
926.4	3.0318e-05
926.6	3.0393e-05
926.8	3.0469e-05
927.0	3.0544e-05
927.2	3.062e-05
927.4	3.0696e-05
927.6	3.0772e-05
927.8	3.0848e-05
928.0	3.0924e-05
928.2	3.0985e-05
928.4	3.1025e-05
928.6	3.1064e-05
928.8	3.1104e-05
929.0	3.1144e-05
929.2	3.1184e-05
929.4	3.1224e-05
929.6	3.1263e-05
929.8	3.1303e-05
930.0	3.1343e-05
930.2	3.1516e-05
930.4	3.1769e-05
930.6	3.2024e-05
930.8	3.2281e-05
931.0	3.254e-05
931.2	3.2802e-05
931.4	3.3065e-05
931.6	3.333e-05
931.8	3.3598e-05
932.0	3.3867e-05
932.2	3.4337e-05
932.4	3.4853e-05
932.6	3.5377e-05
932.8	3.5908e-05
933.0	3.6448e-05
933.2	3.6995e-05
933.4	3.7551e-05
933.6	3.8116e-05
933.8	3.8688e-05
934.0	3.9282e-05
934.2	4.0174e-05
934.4	4.1087e-05
934.6	4.202e-05
934.8	4.2974e-05
935.0	4.3951e-05
935.2	4.4949e-05
935.4	4.597e-05
935.6	4.7014e-05
935.8	4.8082e-05
936.0	4.9577e-05
936.2	5.1368e-05
936.4	5.3225e-05
936.6	5.4825e-05
936.8	5.6373e-05
937.0	5.7964e-05
937.2	5.9603e-05
937.4	6.1289e-05
937.6	6.3043e-05
937.8	6.5222e-05
938.0	6.7477e-05
938.2	6.9829e-05
938.4	7.2345e-05
938.6	7.4952e-05
938.8	7.7754e-05
939.0	8.0865e-05
939.2	8.41e-05
939.4	8.7464e-05
939.6	9.096e-05
939.8	9.4597e-05
940.0	9.8807e-05
940.2	1.0347e-04
940.4	1.0836e-04
940.6	1.1287e-04
940.8	1.1739e-04
941.0	1.2208e-04
941.2	1.2754e-04
941.4	1.333e-04
941.6	1.3935e-04
941.8	1.4619e-04
942.0	1.5336e-04
942.2	1.606e-04
942.4	1.6701e-04
942.6	1.7368e-04
942.8	1.8085e-04
943.0	1.8878e-04
943.2	1.9707e-04
943.4	2.0542e-04
943.6	2.138e-04
943.8	2.2252e-04
944.0	2.2964e-04
944.2	2.3584e-04
944.4	2.4221e-04
944.6	2.4761e-04
944.8	2.528e-04
945.0	2.5811e-04
945.2	2.6075e-04
945.4	2.6343e-04
945.6	2.6613e-04
945.8	2.6885e-04
946.0	2.7098e-04
946.2	2.7224e-04
946.4	2.7352e-04
946.6	2.703e-04
946.8	2.6699e-04
947.0	2.638e-04
947.2	2.6073e-04
947.4	2.576e-04
947.6	2.5332e-04
947.8	2.4911e-04
948.0	2.4437e-04
948.2	2.3937e-04
948.4	2.345e-04
948.6	2.2987e-04
948.8	2.2534e-04
949.0	2.2053e-04
949.2	2.1569e-04
949.4	2.1084e-04
949.6	2.058e-04
949.8	2.0088e-04
950.0	1.9624e-04
950.2	1.9173e-04
950.4	1.8753e-04
950.6	1.8371e-04
950.8	1.7997e-04
951.0	1.758e-04
951.2	1.717e-04
951.4	1.682e-04
951.6	1.6525e-04
951.8	1.6232e-04
952.0	1.5875e-04
952.2	1.5526e-04
952.4	1.5254e-04
952.6	1.5029e-04
952.8	1.4804e-04
953.0	1.4569e-04
953.2	1.4338e-04
953.4	1.4146e-04
953.6	1.397e-04
953.8	1.379e-04
954.0	1.36e-04
954.2	1.3412e-04
954.4	1.3273e-04
954.6	1.3144e-04
954.8	1.2996e-04
955.0	1.2816e-04
955.2	1.2371e-04
955.4	1.1942e-04
955.6	1.1803e-04
955.8	1.2e-04
956.0	1.2201e-04
956.2	1.2355e-04
956.4	1.2307e-04
956.6	1.2259e-04
956.8	1.2211e-04
957.0	1.2209e-04
957.2	1.2211e-04
957.4	1.2212e-04
957.6	1.221e-04
957.8	1.2206e-04
958.0	1.2202e-04
958.2	1.2231e-04
958.4	1.2306e-04
958.6	1.2382e-04
958.8	1.2455e-04
959.0	1.2508e-04
959.2	1.2561e-04
959.4	1.2615e-04
959.6	1.269e-04
959.8	1.2768e-04
960.0	1.2847e-04
960.2	1.2972e-04
960.4	1.3126e-04
960.6	1.3282e-04
960.8	1.3456e-04
961.0	1.3659e-04
961.2	1.3866e-04
961.4	1.4072e-04
961.6	1.4255e-04
961.8	1.4439e-04
962.0	1.4627e-04
962.2	1.4837e-04
962.4	1.5055e-04
962.6	1.5275e-04
962.8	1.5554e-04
963.0	1.5876e-04
963.2	1.6204e-04
963.4	1.6548e-04
963.6	1.6917e-04
963.8	1.7294e-04
964.0	1.7675e-04
964.2	1.8016e-04
964.4	1.8363e-04
964.6	1.8717e-04
964.8	1.9095e-04
965.0	1.9485e-04
965.2	1.9912e-04
965.4	2.0348e-04
965.6	2.0793e-04
965.8	2.1248e-04
966.0	2.1668e-04
966.2	2.2066e-04
966.4	2.2471e-04
966.6	2.2876e-04
966.8	2.3287e-04
967.0	2.3705e-04
967.2	2.4009e-04
967.4	2.4305e-04
967.6	2.4593e-04
967.8	2.4678e-04
968.0	2.4764e-04
968.2	2.4872e-04
968.4	2.5071e-04
968.6	2.5271e-04
968.8	2.5409e-04
969.0	2.5426e-04
969.2	2.5444e-04
969.4	2.5396e-04
969.6	2.5283e-04
969.8	2.5171e-04
970.0	2.5046e-04
970.2	2.4915e-04
970.4	2.4785e-04
970.6	2.4583e-04
970.8	2.4365e-04
971.0	2.4149e-04
971.2	2.389e-04
971.4	2.3632e-04
971.6	2.3371e-04
971.8	2.3063e-04
972.0	2.276e-04
972.2	2.243e-04
972.4	2.2014e-04
972.6	2.1607e-04
972.8	2.1255e-04
973.0	2.0979e-04
973.2	2.0707e-04
973.4	2.0398e-04
973.6	2.0062e-04
973.8	1.973e-04
974.0	1.9354e-04
974.2	1.8965e-04
974.4	1.8583e-04
974.6	1.8287e-04
974.8	1.8009e-04
975.0	1.7734e-04
975.2	1.7372e-04
975.4	1.7018e-04
975.6	1.6671e-04
975.8	1.633e-04
976.0	1.5997e-04
976.2	1.5686e-04
976.4	1.5461e-04
976.6	1.524e-04
976.8	1.5021e-04
977.0	1.4805e-04
977.2	1.4593e-04
977.4	1.4384e-04
977.6	1.4177e-04
977.8	1.3974e-04
978.0	1.3773e-04
978.2	1.3585e-04
978.4	1.3414e-04
978.6	1.3245e-04
978.8	1.3078e-04
979.0	1.2914e-04
979.2	1.2751e-04
979.4	1.259e-04
979.6	1.2432e-04
979.8	1.2275e-04
980.0	1.212e-04
980.2	1.201e-04
980.4	1.1924e-04
980.6	1.1839e-04
980.8	1.1755e-04
981.0	1.1671e-04
981.2	1.1588e-04
981.4	1.1505e-04
981.6	1.1423e-04
981.8	1.1342e-04
982.0	1.1261e-04
982.2	1.1209e-04
982.4	1.1161e-04
982.6	1.1113e-04
982.8	1.1066e-04
983.0	1.1018e-04
983.2	1.0971e-04
983.4	1.0925e-04
983.6	1.0878e-04
983.8	1.0831e-04
984.0	1.0794e-04
984.2	1.0825e-04
984.4	1.0856e-04
984.6	1.0888e-04
984.8	1.092e-04
985.0	1.0951e-04
985.2	1.0983e-04
985.4	1.1015e-04
985.6	1.1047e-04
985.8	1.1079e-04
986.0	1.1111e-04
986.2	1.1152e-04
986.4	1.1242e-04
986.6	1.1334e-04
986.8	1.1426e-04
987.0	1.1519e-04
987.2	1.1613e-04
987.4	1.1708e-04
987.6	1.1803e-04
987.8	1.1899e-04
988.0	1.1996e-04
988.2	1.2105e-04
988.4	1.2234e-04
988.6	1.2363e-04
988.8	1.2495e-04
989.0	1.2627e-04
989.2	1.2761e-04
989.4	1.2896e-04
989.6	1.3033e-04
989.8	1.3172e-04
990.0	1.3311e-04
990.2	1.3447e-04
990.4	1.358e-04
990.6	1.3714e-04
990.8	1.385e-04
991.0	1.3987e-04
991.2	1.4125e-04
991.4	1.4265e-04
991.6	1.4406e-04
991.8	1.4549e-04
992.0	1.4693e-04
992.2	1.478e-04
992.4	1.486e-04
992.6	1.494e-04
992.8	1.502e-04
993.0	1.5101e-04
993.2	1.5182e-04
993.4	1.5264e-04
993.6	1.5346e-04
993.8	1.5429e-04
994.0	1.5403e-04
994.2	1.4531e-04
994.4	1.3707e-04
994.6	1.293e-04
994.8	1.2198e-04
995.0	1.1506e-04
995.2	1.0854e-04
995.4	1.0668e-04
995.6	1.1181e-04
995.8	1.1718e-04
996.0	1.2281e-04
996.2	1.2871e-04
996.4	1.3489e-04
996.6	1.4137e-04
996.8	1.4816e-04
997.0	1.5528e-04
997.2	1.5527e-04
997.4	1.5403e-04
997.6	1.5281e-04
997.8	1.5159e-04
998.0	1.5038e-04
998.2	1.4918e-04
998.4	1.4799e-04
998.6	1.4681e-04
998.8	1.4558e-04
999.0	1.4422e-04
999.2	1.4287e-04
999.4	1.4153e-04
999.6	1.4021e-04
999.8	1.389e-04
1000.0	1.376e-04
1000.2	1.3632e-04
1000.4	1.3504e-04
1000.6	1.3358e-04
1000.8	1.3207e-04
1001.0	1.3059e-04
1001.2	1.2912e-04
1001.4	1.2766e-04
1001.6	1.2623e-04
1001.8	1.2481e-04
1002.0	1.234e-04
1002.2	1.2202e-04
1002.4	1.207e-04
1002.6	1.1938e-04
1002.8	1.1808e-04
1003.0	1.1679e-04
1003.2	1.1552e-04
1003.4	1.1426e-04
1003.6	1.1302e-04
1003.8	1.1179e-04
1004.0	1.1055e-04
1004.2	1.0931e-04
1004.4	1.0809e-04
1004.6	1.0688e-04
1004.8	1.0568e-04
1005.0	1.045e-04
1005.2	1.0529e-04
1005.4	1.0609e-04
1005.6	1.0689e-04
1005.8	1.0771e-04
1006.0	1.0703e-04
1006.2	1.0637e-04
1006.4	1.0571e-04
1006.6	1.0505e-04
1006.8	1.0439e-04
1007.0	1.0375e-04
1007.2	1.031e-04
1007.4	1.0253e-04
1007.6	1.0217e-04
1007.8	1.0181e-04
1008.0	1.0145e-04
1008.2	1.011e-04
1008.4	1.0074e-04
1008.6	1.0039e-04
1008.8	1.0003e-04
1009.0	9.9987e-05
1009.2	1.002e-04
1009.4	1.0041e-04
1009.6	1.0062e-04
1009.8	1.0083e-04
1010.0	1.0105e-04
1010.2	1.0126e-04
1010.4	1.0147e-04
1010.6	1.0205e-04
1010.8	1.0272e-04
1011.0	1.0339e-04
1011.2	1.0407e-04
1011.4	1.0475e-04
1011.6	1.0543e-04
1011.8	1.0612e-04
1012.0	1.0685e-04
1012.2	1.0803e-04
1012.4	1.0922e-04
1012.6	1.1043e-04
1012.8	1.1164e-04
1013.0	1.1287e-04
1013.2	1.1412e-04
1013.4	1.1537e-04
1013.6	1.1685e-04
1013.8	1.187e-04
1014.0	1.2059e-04
1014.2	1.225e-04
1014.4	1.2445e-04
1014.6	1.2642e-04
1014.8	1.2843e-04
1015.0	1.3047e-04
1015.2	1.3298e-04
1015.4	1.358e-04
1015.6	1.3867e-04
1015.8	1.416e-04
1016.0	1.446e-04
1016.2	1.4766e-04
1016.4	1.5079e-04
1016.6	1.5398e-04
1016.8	1.5721e-04
1017.0	1.605e-04
1017.2	1.6386e-04
1017.4	1.6729e-04
1017.6	1.7079e-04
1017.8	1.7437e-04
1018.0	1.7802e-04
1018.2	1.8193e-04
1018.4	1.8664e-04
1018.6	1.9147e-04
1018.8	1.9643e-04
1019.0	2.0152e-04
1019.2	2.0674e-04
1019.4	2.1209e-04
1019.6	2.1759e-04
1019.8	2.2281e-04
1020.0	2.2769e-04
1020.2	2.3268e-04
1020.4	2.3777e-04
1020.6	2.4298e-04
1020.8	2.4831e-04
1021.0	2.5375e-04
1021.2	2.5931e-04
1021.4	2.6396e-04
1021.6	2.6838e-04
1021.8	2.7287e-04
1022.0	2.7743e-04
1022.2	2.8208e-04
1022.4	2.868e-04
1022.6	2.9159e-04
1022.8	2.9635e-04
1023.0	2.9884e-04
1023.2	3.0135e-04
1023.4	3.0388e-04
1023.6	3.0643e-04
1023.8	3.0901e-04
1024.0	3.116e-04
1024.2	3.1422e-04
1024.4	3.1522e-04
1024.6	3.1306e-04
1024.8	3.1091e-04
1025.0	3.0877e-04
1025.2	3.0679e-04
1025.4	3.0481e-04
1025.6	3.0285e-04
1025.8	3.009e-04
1026.0	2.9897e-04
1026.2	2.9704e-04
1026.4	2.9513e-04
1026.6	2.9323e-04
1026.8	2.9135e-04
1027.0	2.8947e-04
1027.2	2.8761e-04
1027.4	2.8576e-04
1027.6	2.8392e-04
1027.8	2.8097e-04
1028.0	2.7638e-04
1028.2	2.7187e-04
1028.4	2.6744e-04
1028.6	2.6307e-04
1028.8	2.5878e-04
1029.0	2.5455e-04
1029.2	2.504e-04
1029.4	2.4631e-04
1029.6	2.4229e-04
1029.8	2.3834e-04
1030.0	2.3445e-04
1030.2	2.3062e-04
1030.4	2.2686e-04
1030.6	2.2309e-04
1030.8	2.1933e-04
1031.0	2.1564e-04
1031.2	2.1202e-04
1031.4	2.0845e-04
1031.6	2.0494e-04
1031.8	2.0149e-04
1032.0	1.9811e-04
1032.2	1.9477e-04
1032.4	1.915e-04
1032.6	1.8827e-04
1032.8	1.8511e-04
1033.0	1.8199e-04
1033.2	1.7893e-04
1033.4	1.7674e-04
1033.6	1.7481e-04
1033.8	1.729e-04
1034.0	1.7101e-04
1034.2	1.6915e-04
1034.4	1.673e-04
1034.6	1.6548e-04
1034.8	1.6367e-04
1035.0	1.6188e-04
1035.2	1.6012e-04
1035.4	1.5837e-04
1035.6	1.5664e-04
1035.8	1.5493e-04
1036.0	1.5324e-04
1036.2	1.5256e-04
1036.4	1.5192e-04
1036.6	1.5129e-04
1036.8	1.5065e-04
1037.0	1.5002e-04
1037.2	1.4939e-04
1037.4	1.4876e-04
1037.6	1.4814e-04
1037.8	1.4752e-04
1038.0	1.469e-04
1038.2	1.4628e-04
1038.4	1.4567e-04
1038.6	1.4506e-04
1038.8	1.4466e-04
1039.0	1.453e-04
1039.2	1.4595e-04
1039.4	1.4659e-04
1039.6	1.4724e-04
1039.8	1.479e-04
1040.0	1.4855e-04
1040.2	1.4921e-04
1040.4	1.4987e-04
1040.6	1.5054e-04
1040.8	1.5121e-04
1041.0	1.5188e-04
1041.2	1.5255e-04
1041.4	1.5323e-04
1041.6	1.544e-04
1041.8	1.5641e-04
1042.0	1.5844e-04
1042.2	1.6049e-04
1042.4	1.6258e-04
1042.6	1.6469e-04
1042.8	1.6683e-04
1043.0	1.6899e-04
1043.2	1.7119e-04
1043.4	1.7341e-04
1043.6	1.7566e-04
1043.8	1.7794e-04
1044.0	1.8025e-04
1044.2	1.8259e-04
1044.4	1.8236e-04
1044.6	1.8035e-04
1044.8	1.7835e-04
1045.0	1.7638e-04
1045.2	1.8179e-04
1045.4	1.8737e-04
1045.6	1.9311e-04
1045.8	1.9903e-04
1046.0	2.044e-04
1046.2	2.0798e-04
1046.4	2.1162e-04
1046.6	2.1533e-04
1046.8	2.191e-04
1047.0	2.2294e-04
1047.2	2.2684e-04
1047.4	2.3082e-04
1047.6	2.3486e-04
1047.8	2.3897e-04
1048.0	2.4313e-04
1048.2	2.4719e-04
1048.4	2.5132e-04
1048.6	2.5552e-04
1048.8	2.5978e-04
1049.0	2.6412e-04
1049.2	2.6853e-04
1049.4	2.7301e-04
1049.6	2.7757e-04
1049.8	2.8221e-04
1050.0	2.8692e-04
1050.2	2.8972e-04
1050.4	2.9253e-04
1050.6	2.9536e-04
1050.8	2.9822e-04
1051.0	3.0111e-04
1051.2	3.0403e-04
1051.4	3.0698e-04
1051.6	3.0995e-04
1051.8	3.1296e-04
1052.0	3.1599e-04
1052.2	3.1532e-04
1052.4	3.1401e-04
1052.6	3.127e-04
1052.8	3.1139e-04
1053.0	3.1009e-04
1053.2	3.088e-04
1053.4	3.0751e-04
1053.6	3.0623e-04
1053.8	3.0495e-04
1054.0	3.0368e-04
1054.2	2.9998e-04
1054.4	2.9538e-04
1054.6	2.9084e-04
1054.8	2.8638e-04
1055.0	2.8198e-04
1055.2	2.7766e-04
1055.4	2.7339e-04
1055.6	2.692e-04
1055.8	2.6507e-04
1056.0	2.61e-04
1056.2	2.5579e-04
1056.4	2.4984e-04
1056.6	2.4402e-04
1056.8	2.3834e-04
1057.0	2.328e-04
1057.2	2.2738e-04
1057.4	2.2209e-04
1057.6	2.1692e-04
1057.8	2.1187e-04
1058.0	2.0694e-04
1058.2	2.0174e-04
1058.4	1.9622e-04
1058.6	1.9084e-04
1058.8	1.8562e-04
1059.0	1.8053e-04
1059.2	1.7559e-04
1059.4	1.7078e-04
1059.6	1.6611e-04
1059.8	1.6156e-04
1060.0	1.5713e-04
1060.2	1.5305e-04
1060.4	1.4954e-04
1060.6	1.4611e-04
1060.8	1.4276e-04
1061.0	1.3949e-04
1061.2	1.3629e-04
1061.4	1.3316e-04
1061.6	1.3011e-04
1061.8	1.2712e-04
1062.0	1.242e-04
1062.2	1.214e-04
1062.4	1.1887e-04
1062.6	1.1638e-04
1062.8	1.1395e-04
1063.0	1.1157e-04
1063.2	1.0924e-04
1063.4	1.0695e-04
1063.6	1.0472e-04
1063.8	1.0253e-04
1064.0	1.0039e-04
1064.2	9.8295e-05
1064.4	9.6329e-05
1064.6	9.4403e-05
1064.8	9.2515e-05
1065.0	9.0664e-05
1065.2	8.9325e-05
1065.4	8.7907e-05
1065.6	8.5409e-05
1065.8	8.2981e-05
1066.0	8.0622e-05
1066.2	7.8379e-05
1066.4	7.8061e-05
1066.6	7.7745e-05
1066.8	7.7429e-05
1067.0	7.7115e-05
1067.2	7.5759e-05
1067.4	7.44e-05
1067.6	7.3066e-05
1067.8	7.1755e-05
1068.0	7.0996e-05
1068.2	7.0291e-05
1068.4	6.9593e-05
1068.6	6.8902e-05
1068.8	6.8664e-05
1069.0	6.8494e-05
1069.2	6.8324e-05
1069.4	6.8154e-05
1069.6	6.678e-05
1069.8	6.5177e-05
1070.0	6.3613e-05
1070.2	6.2086e-05
1070.4	6.242e-05
1070.6	6.3331e-05
1070.8	6.4255e-05
1071.0	6.5193e-05
1071.2	6.4551e-05
1071.4	6.3298e-05
1071.6	6.2069e-05
1071.8	6.0864e-05
1072.0	6.0012e-05
1072.2	5.9337e-05
1072.4	5.867e-05
1072.6	5.801e-05
1072.8	5.7152e-05
1073.0	5.6184e-05
1073.2	5.5232e-05
1073.4	5.4296e-05
1073.6	5.4668e-05
1073.8	5.6043e-05
1074.0	5.7453e-05
1074.2	5.8899e-05
1074.4	5.9149e-05
1074.6	5.8281e-05
1074.8	5.7426e-05
1075.0	5.6583e-05
1075.2	5.5336e-05
1075.4	5.3659e-05
1075.6	5.2034e-05
1075.8	5.0458e-05
1076.0	4.9439e-05
1076.2	4.9125e-05
1076.4	4.8814e-05
1076.6	4.8504e-05
1076.8	4.8129e-05
1077.0	4.765e-05
1077.2	4.7175e-05
1077.4	4.6705e-05
1077.6	4.639e-05
1077.8	4.6381e-05
1078.0	4.6373e-05
1078.2	4.6365e-05
1078.4	4.6519e-05
1078.6	4.7087e-05
1078.8	4.7661e-05
1079.0	4.8242e-05
1079.2	4.8588e-05
1079.4	4.8172e-05
1079.6	4.7759e-05
1079.8	4.735e-05
1080.0	4.6925e-05
1080.2	4.6422e-05
1080.4	4.5925e-05
1080.6	4.5433e-05
1080.8	4.501e-05
1081.0	4.4951e-05
1081.2	4.4892e-05
1081.4	4.4833e-05
1081.6	4.4831e-05
1081.8	4.5308e-05
1082.0	4.579e-05
1082.2	4.6278e-05
1082.4	4.6749e-05
1082.6	4.6926e-05
1082.8	4.7103e-05
1083.0	4.7281e-05
1083.2	4.7447e-05
1083.4	4.7014e-05
1083.6	4.6585e-05
1083.8	4.616e-05
1084.0	4.5739e-05
1084.2	4.5409e-05
1084.4	4.5083e-05
1084.6	4.476e-05
1084.8	4.4439e-05
1085.0	4.4495e-05
1085.2	4.4578e-05
1085.4	4.466e-05
1085.6	4.4742e-05
1085.8	4.5351e-05
1086.0	4.6032e-05
1086.2	4.6722e-05
1086.4	4.7423e-05
1086.6	4.929e-05
1086.8	5.1445e-05
1087.0	5.3695e-05
1087.2	5.6043e-05
1087.4	5.5012e-05
1087.6	5.3228e-05
1087.8	5.1502e-05
1088.0	4.9832e-05
1088.2	4.9452e-05
1088.4	4.9448e-05
1088.6	4.9443e-05
1088.8	4.9439e-05
1089.0	5.1049e-05
1089.2	5.3343e-05
1089.4	5.574e-05
1089.6	5.8244e-05
1089.8	5.9898e-05
1090.0	6.1159e-05
1090.2	6.1156e-05
1090.4	6.1133e-05
1090.6	6.1111e-05
1090.8	6.1132e-05
1091.0	6.1246e-05
1091.2	6.1361e-05
1091.4	6.1476e-05
1091.6	6.2075e-05
1091.8	6.2911e-05
1092.0	6.3758e-05
1092.2	6.4619e-05
1092.4	6.5561e-05
1092.6	6.6516e-05
1092.8	6.7486e-05
1093.0	6.8901e-05
1093.2	7.101e-05
1093.4	7.3184e-05
1093.6	7.5424e-05
1093.8	7.695e-05
1094.0	7.8256e-05
1094.2	7.9584e-05
1094.4	8.0609e-05
1094.6	7.9265e-05
1094.8	7.7944e-05
1095.0	7.6645e-05
1095.2	7.7922e-05
1095.4	8.2134e-05
1095.6	8.6574e-05
1095.8	9.1253e-05
1096.0	9.2579e-05
1096.2	9.3242e-05
1096.4	9.391e-05
1096.6	9.4968e-05
1096.8	9.7563e-05
1097.0	1.0023e-04
1097.2	1.0297e-04
1097.4	1.0649e-04
1097.6	1.107e-04
1097.8	1.1507e-04
1098.0	1.1962e-04
1098.2	1.2219e-04
1098.4	1.2466e-04
1098.6	1.2718e-04
1098.8	1.2967e-04
1099.0	1.3206e-04
1099.2	1.3448e-04
1099.4	1.3695e-04
1099.6	1.4142e-04
1099.8	1.471e-04
1100.0	1.5301e-04
1100.2	1.5916e-04
1100.4	1.6596e-04
1100.6	1.7306e-04
1100.8	1.8045e-04
1101.0	1.8651e-04
1101.2	1.9001e-04
1101.4	1.9358e-04
1101.6	1.9721e-04
1101.8	2.0664e-04
1102.0	2.186e-04
1102.2	2.3126e-04
1102.4	2.4379e-04
1102.6	2.4965e-04
1102.8	2.5566e-04
1103.0	2.6181e-04
1103.2	2.7278e-04
1103.4	2.897e-04
1103.6	3.0767e-04
1103.8	3.2675e-04
1104.0	3.3515e-04
1104.2	3.4149e-04
1104.4	3.4796e-04
1104.6	3.5733e-04
1104.8	3.7792e-04
1105.0	3.9969e-04
1105.2	4.2272e-04
1105.4	4.4651e-04
1105.6	4.712e-04
1105.8	4.9726e-04
1106.0	5.2477e-04
1106.2	5.4514e-04
1106.4	5.6574e-04
1106.6	5.8711e-04
1106.8	6.1323e-04
1107.0	6.4974e-04
1107.2	6.8843e-04
1107.4	7.2943e-04
1107.6	7.6924e-04
1107.8	8.0938e-04
1108.0	8.5161e-04
1108.2	8.9628e-04
1108.4	9.4841e-04
1108.6	0.001
1108.8	0.00106
1109.0	0.00112
1109.2	0.00119
1109.4	0.00126
1109.6	0.00134
1109.8	0.00142
1110.0	0.0015
1110.2	0.0016
1110.4	0.0017
1110.6	0.00184
1110.8	0.00198
1111.0	0.00214
1111.2	0.0023
1111.4	0.00248
1111.6	0.00267
1111.8	0.00288
1112.0	0.00311
1112.2	0.00336
1112.4	0.00364
1112.6	0.00394
1112.8	0.0043
1113.0	0.00469
1113.2	0.00512
1113.4	0.00561
1113.6	0.00615
1113.8	0.00675
1114.0	0.0074
1114.2	0.00818
1114.4	0.00903
1114.6	0.00998
1114.8	0.01106
1115.0	0.01233
1115.2	0.01374
1115.4	0.01531
1115.6	0.01711
1115.8	0.01914
1116.0	0.02141
1116.2	0.02396
1116.4	0.02686
1116.6	0.03011
1116.8	0.03375
1117.0	0.03759
1117.2	0.04157
1117.4	0.04598
1117.6	0.05085
1117.8	0.05484
1118.0	0.05892
1118.2	0.06329
1118.4	0.06725
1118.6	0.069
1118.8	0.0708
1119.0	0.07264
1119.2	0.07272
1119.4	0.07167
1119.6	0.07063
1119.8	0.0696
1120.0	0.06721
1120.2	0.06487
1120.4	0.06262
1120.6	0.06005
1120.8	0.05692
1121.0	0.05395
1121.2	0.0516
1121.4	0.04935
1121.6	0.04719
1121.8	0.04514
1122.0	0.04318
1122.2	0.04165
1122.4	0.04017
1122.6	0.03874
1122.8	0.03736
1123.0	0.03604
1123.2	0.0352
1123.4	0.03438
1123.6	0.03358
1123.8	0.03279
1124.0	0.03204
1124.2	0.03172
1124.4	0.0314
1124.6	0.03108
1124.8	0.03077
1125.0	0.03046
1125.2	0.03046
1125.4	0.03045
1125.6	0.03044
1125.8	0.03043
1126.0	0.03043
1126.2	0.03058
1126.4	0.03073
1126.6	0.03088
1126.8	0.03103
1127.0	0.03119
1127.2	0.03155
1127.4	0.03192
1127.6	0.03229
1127.8	0.03267
1128.0	0.03306
1128.2	0.03367
1128.4	0.0343
1128.6	0.03494
1128.8	0.03559
1129.0	0.03626
1129.2	0.0372
1129.4	0.03816
1129.6	0.03915
1129.8	0.04016
1130.0	0.04122
1130.2	0.04263
1130.4	0.04409
1130.6	0.04559
1130.8	0.04715
1131.0	0.04877
1131.2	0.05068
1131.4	0.05266
1131.6	0.05473
1131.8	0.05687
1132.0	0.0591
1132.2	0.06166
1132.4	0.06433
1132.6	0.06712
1132.8	0.07003
1133.0	0.07307
1133.2	0.07649
1133.4	0.08007
1133.6	0.08382
1133.8	0.08774
1134.0	0.09184
1134.2	0.09608
1134.4	0.10051
1134.6	0.10514
1134.8	0.10999
1135.0	0.11506
1135.2	0.12035
1135.4	0.12588
1135.6	0.13167
1135.8	0.13772
1136.0	0.14399
1136.2	0.14883
1136.4	0.15383
1136.6	0.159
1136.8	0.16434
1137.0	0.16979
1137.2	0.17171
1137.4	0.17364
1137.6	0.1756
1137.8	0.17759
1138.0	0.17938
1138.2	0.17666
1138.4	0.17399
1138.6	0.17136
1138.8	0.16876
1139.0	0.16613
1139.2	0.16042
1139.4	0.15491
1139.6	0.14959
1139.8	0.14445
1140.0	0.13942
1140.2	0.1332
1140.4	0.12725
1140.6	0.12157
1140.8	0.11614
1141.0	0.11095
1141.2	0.1059
1141.4	0.10108
1141.6	0.09648
1141.8	0.09209
1142.0	0.08789
1142.2	0.08376
1142.4	0.07982
1142.6	0.07607
1142.8	0.07249
1143.0	0.0691
1143.2	0.06617
1143.4	0.06338
1143.6	0.06069
1143.8	0.05813
1144.0	0.05567
1144.2	0.05351
1144.4	0.05144
1144.6	0.04944
1144.8	0.04753
1145.0	0.0457
1145.2	0.04431
1145.4	0.04296
1145.6	0.04164
1145.8	0.04037
1146.0	0.03915
1146.2	0.03816
1146.4	0.03719
1146.6	0.03625
1146.8	0.03534
1147.0	0.03445
1147.2	0.03368
1147.4	0.03292
1147.6	0.03218
1147.8	0.03145
1148.0	0.03075
1148.2	0.03013
1148.4	0.02953
1148.6	0.02894
1148.8	0.02837
1149.0	0.0278
1149.2	0.02745
1149.4	0.02709
1149.6	0.02675
1149.8	0.0264
1150.0	0.02607
1150.2	0.02593
1150.4	0.02578
1150.6	0.02563
1150.8	0.02549
1151.0	0.02535
1151.2	0.02525
1151.4	0.02516
1151.6	0.02506
1151.8	0.02497
1152.0	0.02488
1152.2	0.02483
1152.4	0.02479
1152.6	0.02474
1152.8	0.0247
1153.0	0.02466
1153.2	0.02471
1153.4	0.02476
1153.6	0.02482
1153.8	0.02487
1154.0	0.02493
1154.2	0.02519
1154.4	0.02545
1154.6	0.02572
1154.8	0.02599
1155.0	0.02626
1155.2	0.02663
1155.4	0.027
1155.6	0.02738
1155.8	0.02776
1156.0	0.02815
1156.2	0.02853
1156.4	0.02892
1156.6	0.02931
1156.8	0.02971
1157.0	0.03012
1157.2	0.03065
1157.4	0.03118
1157.6	0.03173
1157.8	0.03229
1158.0	0.03286
1158.2	0.03368
1158.4	0.03453
1158.6	0.03539
1158.8	0.03628
1159.0	0.0372
1159.2	0.0383
1159.4	0.03944
1159.6	0.04062
1159.8	0.04183
1160.0	0.04307
1160.2	0.04442
1160.4	0.04582
1160.6	0.04725
1160.8	0.04874
1161.0	0.05027
1161.2	0.05192
1161.4	0.05364
1161.6	0.05541
1161.8	0.05723
1162.0	0.05912
1162.2	0.06157
1162.4	0.06412
1162.6	0.06678
1162.8	0.06955
1163.0	0.07244
1163.2	0.07589
1163.4	0.07951
1163.6	0.08329
1163.8	0.08725
1164.0	0.09141
1164.2	0.09591
1164.4	0.10063
1164.6	0.10559
1164.8	0.11079
1165.0	0.11626
1165.2	0.12273
1165.4	0.12956
1165.6	0.13677
1165.8	0.14439
1166.0	0.15244
1166.2	0.1618
1166.4	0.17174
1166.6	0.18228
1166.8	0.19348
1167.0	0.20543
1167.2	0.21974
1167.4	0.23505
1167.6	0.25142
1167.8	0.26893
1168.0	0.2877
1168.2	0.30868
1168.4	0.33118
1168.6	0.35533
1168.8	0.38123
1169.0	0.40905
1169.2	0.43957
1169.4	0.47236
1169.6	0.50759
1169.8	0.54546
1170.0	0.58603
1170.2	0.62331
1170.4	0.66296
1170.6	0.70514
1170.8	0.74999
1171.0	0.79727
1171.2	0.8255
1171.4	0.85472
1171.6	0.88498
1171.8	0.9163
1172.0	0.94796
1172.2	0.94199
1172.4	0.93606
1172.6	0.93016
1172.8	0.9243
1173.0	0.91789
1173.2	0.8833
1173.4	0.85002
1173.6	0.81799
1173.8	0.78717
1174.0	0.7574
1174.2	0.71804
1174.4	0.68072
1174.6	0.64534
1174.8	0.61181
1175.0	0.58
1175.2	0.54888
1175.4	0.51942
1175.6	0.49155
1175.8	0.46517
1176.0	0.44022
1176.2	0.41779
1176.4	0.39651
1176.6	0.37631
1176.8	0.35714
1177.0	0.33896
1177.2	0.3249
1177.4	0.31143
1177.6	0.29851
1177.8	0.28613
1178.0	0.27432
1178.2	0.26407
1178.4	0.2542
1178.6	0.24471
1178.8	0.23557
1179.0	0.22681
1179.2	0.21933
1179.4	0.2121
1179.6	0.20511
1179.8	0.19835
1180.0	0.19186
1180.2	0.18661
1180.4	0.18152
1180.6	0.17656
1180.8	0.17173
1181.0	0.1671
1181.2	0.16367
1181.4	0.16031
1181.6	0.15702
1181.8	0.1538
1182.0	0.15065
1182.2	0.14837
1182.4	0.14613
1182.6	0.14392
1182.8	0.14175
1183.0	0.1396
1183.2	0.1375
1183.4	0.13543
1183.6	0.13338
1183.8	0.13137
1184.0	0.1294
1184.2	0.12808
1184.4	0.12678
1184.6	0.12549
1184.8	0.12421
1185.0	0.12296
1185.2	0.12251
1185.4	0.12207
1185.6	0.12163
1185.8	0.12118
1186.0	0.12076
1186.2	0.1207
1186.4	0.12064
1186.6	0.12059
1186.8	0.12053
1187.0	0.12047
1187.2	0.1204
1187.4	0.12033
1187.6	0.12026
1187.8	0.12019
1188.0	0.12013
1188.2	0.12053
1188.4	0.12093
1188.6	0.12133
1188.8	0.12172
1189.0	0.12217
1189.2	0.12339
1189.4	0.12463
1189.6	0.12588
1189.8	0.12714
1190.0	0.12842
1190.2	0.12982
1190.4	0.13122
1190.6	0.13264
1190.8	0.13408
1191.0	0.13553
1191.2	0.13705
1191.4	0.13858
1191.6	0.14013
1191.8	0.14169
1192.0	0.14329
1192.2	0.1455
1192.4	0.14773
1192.6	0.15
1192.8	0.15231
1193.0	0.15468
1193.2	0.15775
1193.4	0.16089
1193.6	0.16408
1193.8	0.16735
1194.0	0.17067
1194.2	0.17414
1194.4	0.17768
1194.6	0.18129
1194.8	0.18497
1195.0	0.18873
1195.2	0.19239
1195.4	0.19612
1195.6	0.19992
1195.8	0.20379
1196.0	0.20777
1196.2	0.21254
1196.4	0.21742
1196.6	0.22241
1196.8	0.22751
1197.0	0.23273
1197.2	0.23838
1197.4	0.24417
1197.6	0.2501
1197.8	0.25617
1198.0	0.26239
1198.2	0.26867
1198.4	0.27511
1198.6	0.2817
1198.8	0.28845
1199.0	0.29534
1199.2	0.30172
1199.4	0.30823
1199.6	0.31489
1199.8	0.32169
1200.0	0.32864
